-0.157732
-0.009176
0.051111
-0.025876
-0.058414
-0.161244
-0.213859
-0.098723
-0.065284
0.401427
-0.115598
0.039107
0.040747
-0.218110
-0.268520
0.137614
0.069683
0.042314
-0.046756
0.121361
-0.157732
-0.009176
0.051111
-0.025876
-0.058414
-0.161244
-0.213859
-0.098723
-0.065284
0.401427
-0.115598
0.039107
0.040747
-0.218110
-0.268520
0.137614
0.069683
0.042314
-0.046756
0.121361
-0.157732
-0.009176
0.051111
-0.025876
-0.058414
-0.161244
-0.213859
-0.098723
-0.065284
0.401427
-0.115598
0.039107
0.040747
-0.218110
-0.268520
0.137614
0.069683
0.042314
-0.046756
0.121361
-0.157732
-0.009176
0.051111
-0.025876
-0.058414
-0.161244
-0.213859
-0.098723
-0.065284
0.401427
-0.115598
0.039107
0.040747
-0.218110
-0.268520
0.137614
0.069683
0.042314
-0.046756
0.121361
-0.157732
-0.009176
0.051111
-0.025876
-0.058414
-0.161244
-0.213859
-0.098723
-0.065284
0.401427
-0.115598
0.039107
0.040747
-0.218110
-0.268520
0.137614
0.069683
0.042314
-0.046756
0.121361
-0.157732
-0.009176
0.051111
-0.025876
-0.058414
-0.161244
-0.213859
-0.098723
-0.065284
0.401427
-0.115598
0.039107
0.040747
-0.218110
-0.268520
0.137614
0.069683
0.042314
-0.046756
0.121361
-0.157732
-0.009176
0.051111
-0.025876
-0.058414
-0.161244
-0.213859
-0.098723
-0.065284
0.401427
-0.115598
0.039107
0.040747
-0.218110
-0.268520
0.137614
0.069683
0.042314
-0.046756
0.121361
-0.157732
-0.009176
0.051111
-0.025876
-0.058414
-0.161244
-0.213859
-0.098723
-0.065284
0.401427
-0.115598
0.039107
0.040747
-0.218110
-0.268520
0.137614
0.069683
0.042314
-0.046756
0.121361
-0.157732
-0.009176
0.051111
-0.025876
-0.058414
-0.161244
-0.213859
-0.098723
-0.065284
0.401427
-0.115598
0.039107
0.040747
-0.218110
-0.268520
0.137614
0.069683
0.042314
-0.046756
0.121361
-0.157732
-0.009176
0.051111
-0.025876
-0.058414
-0.161244
-0.213859
-0.098723
-0.065284
0.401427
-0.115598
0.039107
0.040747
-0.218110
-0.268520
0.137614
0.069683
0.042314
-0.046756
0.121361
-0.157732
-0.009176
0.051111
-0.025876
-0.058414
-0.161244
-0.213859
-0.098723
-0.065284
0.401427
-0.115598
0.039107
0.040747
-0.218110
-0.268520
0.137614
0.069683
0.042314
-0.046756
0.121361
-0.150118
-0.011327
0.041297
-0.025220
-0.070153
-0.161317
-0.211056
-0.094686
-0.061211
0.394927
-0.115779
0.040145
0.051591
-0.217216
-0.256779
0.130695
0.075853
0.036013
-0.048859
0.133791
0.228426
0.112000
-0.223928
-0.233242
-0.513791
-0.063611
0.065009
0.196578
0.100679
0.009167
0.060324
0.005586
0.470386
-0.130436
-0.056707
-0.112942
0.141702
-0.319760
-0.085648
0.504403
0.475752
0.122639
0.317175
-0.603225
-0.954750
0.383929
0.416232
0.579058
0.498696
-0.842237
0.329926
-0.671496
0.651765
0.300533
0.208364
-0.542715
0.055437
-0.860640
-0.386959
1.286639
0.107966
-0.185844
1.401879
-0.460443
-0.848720
0.590302
0.157477
0.623088
0.864634
-1.528949
0.178268
-1.693987
0.144410
0.952309
0.059166
-1.144488
-0.415165
-0.988113
-0.840786
1.486000
-0.408276
-0.821638
1.417297
1.531276
-0.061500
0.175636
-0.231733
0.176121
0.703376
-1.910503
-0.129217
-1.671069
-0.583061
1.280381
-0.339535
-1.372392
-0.567883
-0.320673
-0.318892
0.263644
-0.344267
-1.552241
0.304852
3.154875
1.243789
0.221243
0.118430
-0.443571
0.314134
-1.641733
0.350975
0.188316
-0.420024
0.776802
-0.342795
-0.906971
-0.011215
-0.252839
0.583615
-1.576273
-0.604715
-1.707541
-0.625461
1.883249
2.132263
0.365887
0.555542
-0.687274
0.238066
-1.239719
0.566015
1.862289
-0.247789
0.152930
-0.193879
-0.377030
0.310868
-0.416187
0.940025
-1.910825
-0.624287
-0.684101
-0.703409
0.156039
1.973843
0.095315
0.559175
-0.298534
0.171317
-0.802317
0.175792
1.498169
0.110226
-0.482612
-0.198342
0.012121
0.257511
-0.113976
0.658857
-0.776236
-0.323418
-0.101432
-0.260413
-0.059736
0.953086
-0.188400
0.332669
-0.155366
-0.173639
-0.077383
-0.191155
0.380838
0.213010
-0.420921
-0.434308
0.282681
0.078475
0.267428
0.131017
0.169844
-0.174574
0.007222
0.017181
-0.013194
0.122758
-0.184626
-0.101164
-0.098595
-0.111535
0.322948
-0.141831
0.051273
0.101156
-0.277544
-0.326897
0.220629
0.067326
0.100841
-0.027824
0.167845
-0.157732
-0.009176
0.051111
-0.025876
-0.058414
-0.161244
-0.213859
-0.098723
-0.065284
0.401427
-0.115598
0.039107
0.040747
-0.218110
-0.268520
0.137614
0.069683
0.042314
-0.046756
0.121361
-0.157732
-0.009176
0.051111
-0.025876
-0.058414
-0.161244
-0.213859
-0.098723
-0.065284
0.401427
-0.115598
0.039107
0.040747
-0.218110
-0.268520
0.137614
0.069683
0.042314
-0.046756
0.121361
-0.157732
-0.009176
0.051111
-0.025876
-0.058414
-0.161244
-0.213859
-0.098723
-0.065284
0.401427
-0.115598
0.039107
0.040747
-0.218110
-0.268520
0.137614
0.069683
0.042314
-0.046756
0.121361
-0.157732
-0.009176
0.051111
-0.025876
-0.058414
-0.161244
-0.213859
-0.098723
-0.065284
0.401427
-0.115598
0.039107
0.040747
-0.218110
-0.268520
0.137614
0.069683
0.042314
-0.046756
0.121361
-0.157732
-0.009176
0.051111
-0.025876
-0.058414
-0.161244
-0.213859
-0.098723
-0.065284
0.401427
-0.115598
0.039107
0.040747
-0.218110
-0.268520
0.137614
0.069683
0.042314
-0.046756
0.121361
-0.157732
-0.009176
0.051111
-0.025876
-0.058414
-0.161244
-0.213859
-0.098723
-0.065284
0.401427
-0.115598
0.039107
0.040747
-0.218110
-0.268520
0.137614
0.069683
0.042314
-0.046756
0.121361
-0.157732
-0.009176
0.051111
-0.025876
-0.058414
-0.161244
-0.213859
-0.098723
-0.065284
0.401427
-0.115598
0.039107
0.040747
-0.218110
-0.268520
0.137614
0.069683
0.042314
-0.046756
0.121361
-0.157732
-0.009176
0.051111
-0.025876
-0.058414
-0.161244
-0.213859
-0.098723
-0.065284
0.401427
-0.115598
0.039107
0.040747
-0.218110
-0.268520
0.137614
0.069683
0.042314
-0.046756
0.121361
-0.157732
-0.009176
0.051111
-0.025876
-0.058414
-0.161244
-0.213859
-0.098723
-0.065284
0.401427
-0.115598
0.039107
0.040747
-0.218110
-0.268520
0.137614
0.069683
0.042314
-0.046756
0.121361
-0.157732
-0.009176
0.051111
-0.025876
-0.058414
-0.161244
-0.213859
-0.098723
-0.065284
0.401427
-0.115598
0.039107
0.040747
-0.218110
-0.268520
0.137614
0.069683
0.042314
-0.046756
0.121361
-0.157732
-0.009176
0.051111
-0.025876
-0.058414
-0.161244
-0.213859
-0.098723
-0.065284
0.401427
-0.115598
0.039107
0.040747
-0.218110
-0.268520
0.137614
0.069683
0.042314
-0.046756
0.121361
-0.157732
-0.009176
0.051111
-0.025876
-0.058414
-0.161244
-0.213859
-0.098723
-0.065284
0.401427
-0.115598
0.039107
0.040747
-0.218110
-0.268520
0.137614
0.069683
0.042314
-0.046756
0.121361
-0.157732
-0.009176
0.051111
-0.025876
-0.058414
-0.161244
-0.213859
-0.098723
-0.065284
0.401427
-0.115598
0.039107
0.040747
-0.218110
-0.268520
0.137614
0.069683
0.042314
-0.046756
0.121361
-0.157732
-0.009176
0.051111
-0.025876
-0.058414
-0.161244
-0.213859
-0.098723
-0.065284
0.401427
-0.115598
0.039107
0.040747
-0.218110
-0.268520
0.137614
0.069683
0.042314
-0.046756
0.121361
-0.040754
-0.030744
-0.095686
-0.028724
-0.236898
-0.159370
-0.165366
-0.032936
-0.001879
0.298346
-0.110294
0.053252
0.203774
-0.204101
-0.109202
0.039010
0.149556
-0.055760
-0.076059
0.301150
0.385057
0.139397
-0.171350
-0.400836
-0.697240
0.081960
0.258618
0.320444
0.211674
-0.301643
0.202809
-0.198572
0.677686
0.010009
0.088908
-0.291690
0.222072
-0.485317
-0.158226
0.875489
0.339308
-0.057399
0.833728
-0.755216
-0.940449
0.456138
0.353775
0.575364
0.699412
-1.187744
0.151488
-1.130664
0.484163
0.680714
0.000561
-0.763919
-0.116539
-0.843589
-0.598466
1.541974
-0.219371
-0.468623
1.635673
0.380751
-0.393838
0.298077
-0.054319
0.479043
0.875252
-1.753744
-0.056257
-1.920786
-0.234682
1.120046
-0.256734
-1.323208
-0.511808
-0.590191
-0.693998
1.006401
-0.284017
-1.063806
0.693667
2.568748
0.580654
0.009522
-0.024110
-0.251840
0.399658
-1.581246
0.114190
-0.808878
-0.466455
0.959454
-0.560206
-1.248817
-0.319706
-0.285217
0.061884
-0.791528
-0.424136
-1.570035
-0.435419
2.794326
1.857997
0.300124
0.273446
-0.769324
0.281134
-1.299408
0.479746
1.306530
-0.332270
0.241307
-0.345556
-0.638635
0.308328
-0.395913
0.992452
-2.092352
-0.606268
-1.225605
-0.687843
0.877245
2.299360
0.302155
0.498307
-0.527070
0.266921
-0.897854
0.262157
1.889416
0.089688
-0.413756
-0.148798
-0.155278
0.342122
-0.340009
0.771834
-1.390088
-0.496230
-0.303361
-0.399009
-0.129597
1.443660
-0.256595
0.466917
-0.067203
-0.113209
-0.425840
-0.051273
0.852654
0.154174
-0.471700
-0.362810
0.128175
0.139388
0.125911
0.368987
-0.136197
-0.188553
0.050169
-0.003556
-0.030935
0.395813
-0.320660
0.100757
-0.009730
-0.212756
0.166222
-0.073434
0.083986
0.208086
-0.414318
-0.449356
0.366843
0.049064
0.126863
0.008488
0.197629
-0.155317
0.015017
0.058524
-0.022269
-0.007874
-0.190547
-0.175204
-0.081956
-0.087518
0.373795
-0.106382
0.033933
0.070664
-0.247784
-0.295689
0.188476
0.067068
0.048114
-0.039342
0.131469
-0.157732
-0.009176
0.051111
-0.025876
-0.058414
-0.161244
-0.213859
-0.098723
-0.065284
0.401427
-0.115598
0.039107
0.040747
-0.218110
-0.268520
0.137614
0.069683
0.042314
-0.046756
0.121361
-0.157732
-0.009176
0.051111
-0.025876
-0.058414
-0.161244
-0.213859
-0.098723
-0.065284
0.401427
-0.115598
0.039107
0.040747
-0.218110
-0.268520
0.137614
0.069683
0.042314
-0.046756
0.121361
-0.157732
-0.009176
0.051111
-0.025876
-0.058414
-0.161244
-0.213859
-0.098723
-0.065284
0.401427
-0.115598
0.039107
0.040747
-0.218110
-0.268520
0.137614
0.069683
0.042314
-0.046756
0.121361
-0.157732
-0.009176
0.051111
-0.025876
-0.058414
-0.161244
-0.213859
-0.098723
-0.065284
0.401427
-0.115598
0.039107
0.040747
-0.218110
-0.268520
0.137614
0.069683
0.042314
-0.046756
0.121361
-0.157732
-0.009176
0.051111
-0.025876
-0.058414
-0.161244
-0.213859
-0.098723
-0.065284
0.401427
-0.115598
0.039107
0.040747
-0.218110
-0.268520
0.137614
0.069683
0.042314
-0.046756
0.121361
-0.157732
-0.009176
0.051111
-0.025876
-0.058414
-0.161244
-0.213859
-0.098723
-0.065284
0.401427
-0.115598
0.039107
0.040747
-0.218110
-0.268520
0.137614
0.069683
0.042314
-0.046756
0.121361
-0.157732
-0.009176
0.051111
-0.025876
-0.058414
-0.161244
-0.213859
-0.098723
-0.065284
0.401427
-0.115598
0.039107
0.040747
-0.218110
-0.268520
0.137614
0.069683
0.042314
-0.046756
0.121361
-0.157732
-0.009176
0.051111
-0.025876
-0.058414
-0.161244
-0.213859
-0.098723
-0.065284
0.401427
-0.115598
0.039107
0.040747
-0.218110
-0.268520
0.137614
0.069683
0.042314
-0.046756
0.121361
-0.157732
-0.009176
0.051111
-0.025876
-0.058414
-0.161244
-0.213859
-0.098723
-0.065284
0.401427
-0.115598
0.039107
0.040747
-0.218110
-0.268520
0.137614
0.069683
0.042314
-0.046756
0.121361
-0.157732
-0.009176
0.051111
-0.025876
-0.058414
-0.161244
-0.213859
-0.098723
-0.065284
0.401427
-0.115598
0.039107
0.040747
-0.218110
-0.268520
0.137614
0.069683
0.042314
-0.046756
0.121361
-0.157732
-0.009176
0.051111
-0.025876
-0.058414
-0.161244
-0.213859
-0.098723
-0.065284
0.401427
-0.115598
0.039107
0.040747
-0.218110
-0.268520
0.137614
0.069683
0.042314
-0.046756
0.121361
-0.157732
-0.009176
0.051111
-0.025876
-0.058414
-0.161244
-0.213859
-0.098723
-0.065284
0.401427
-0.115598
0.039107
0.040747
-0.218110
-0.268520
0.137614
0.069683
0.042314
-0.046756
0.121361
-0.157732
-0.009176
0.051111
-0.025876
-0.058414
-0.161244
-0.213859
-0.098723
-0.065284
0.401427
-0.115598
0.039107
0.040747
-0.218110
-0.268520
0.137614
0.069683
0.042314
-0.046756
0.121361
-0.094281
-0.027106
-0.030675
-0.020413
-0.156235
-0.161852
-0.190501
-0.065081
-0.031346
0.347259
-0.117106
0.047752
0.131115
-0.210661
-0.170682
0.079953
0.121095
-0.010199
-0.064282
0.224944
0.190810
0.046186
-0.358477
-0.148154
-0.610849
-0.082199
0.005806
0.118279
0.145937
0.030288
0.040121
0.005021
0.550643
-0.173965
0.125452
-0.124138
0.258710
-0.284150
-0.146922
0.674281
0.382829
0.124120
0.171066
-0.541831
-1.012968
0.251502
0.220612
0.393699
0.424502
-0.753545
0.203790
-0.611527
0.727217
0.273954
0.252486
-0.532702
0.294313
-0.709643
-0.349658
1.322939
0.100290
-0.015339
1.363592
-0.398887
-0.821570
0.321992
-0.081048
0.473241
0.866539
-1.471905
0.030584
-1.525648
0.229047
0.834883
-0.015119
-1.103127
-0.181375
-0.775122
-0.680683
1.382802
-0.312379
-0.672182
1.365719
1.600173
0.002142
-0.097338
-0.389437
0.055621
0.791756
-1.687633
-0.098066
-1.452785
-0.526930
0.943003
-0.479906
-1.354702
-0.373655
-0.314461
-0.215872
0.145958
-0.277878
-1.478640
0.167500
3.106638
1.140578
0.067184
0.077192
-0.493977
0.238020
-1.406917
0.504643
0.293959
-0.402200
0.422117
-0.444978
-0.872165
0.104270
-0.324455
0.567732
-1.575543
-0.528719
-1.561041
-0.617399
1.736204
2.026321
0.327376
0.452002
-0.671190
0.167553
-1.105311
0.573850
1.893169
-0.165470
-0.093640
-0.125850
-0.276034
0.393704
-0.432526
0.893672
-1.781977
-0.590379
-0.554355
-0.599551
0.073158
1.866848
0.004736
0.427803
-0.226822
0.152234
-0.712840
0.136924
1.421824
0.136492
-0.508757
-0.112515
0.054441
0.310678
-0.062530
0.663894
-0.625108
-0.290670
-0.032561
-0.144414
-0.046152
0.763596
-0.257109
0.230570
-0.104007
-0.190179
0.009804
-0.192985
0.268391
0.202565
-0.379571
-0.418434
0.318402
0.075515
0.240477
0.108615
0.203778
-0.156761
0.021591
0.056111
-0.020126
0.022555
-0.198911
-0.154871
-0.078677
-0.097104
0.359496
-0.107569
0.034309
0.083354
-0.260316
-0.307613
0.207814
0.066291
0.055894
-0.035747
0.138719
-0.157732
-0.009176
0.051111
-0.025876
-0.058414
-0.161244
-0.213859
-0.098723
-0.065284
0.401427
-0.115598
0.039107
0.040747
-0.218110
-0.268520
0.137614
0.069683
0.042314
-0.046756
0.121361
-0.157732
-0.009176
0.051111
-0.025876
-0.058414
-0.161244
-0.213859
-0.098723
-0.065284
0.401427
-0.115598
0.039107
0.040747
-0.218110
-0.268520
0.137614
0.069683
0.042314
-0.046756
0.121361
-0.157732
-0.009176
0.051111
-0.025876
-0.058414
-0.161244
-0.213859
-0.098723
-0.065284
0.401427
-0.115598
0.039107
0.040747
-0.218110
-0.268520
0.137614
0.069683
0.042314
-0.046756
0.121361
-0.157732
-0.009176
0.051111
-0.025876
-0.058414
-0.161244
-0.213859
-0.098723
-0.065284
0.401427
-0.115598
0.039107
0.040747
-0.218110
-0.268520
0.137614
0.069683
0.042314
-0.046756
0.121361
-0.157732
-0.009176
0.051111
-0.025876
-0.058414
-0.161244
-0.213859
-0.098723
-0.065284
0.401427
-0.115598
0.039107
0.040747
-0.218110
-0.268520
0.137614
0.069683
0.042314
-0.046756
0.121361
-0.157732
-0.009176
0.051111
-0.025876
-0.058414
-0.161244
-0.213859
-0.098723
-0.065284
0.401427
-0.115598
0.039107
0.040747
-0.218110
-0.268520
0.137614
0.069683
0.042314
-0.046756
0.121361
-0.157732
-0.009176
0.051111
-0.025876
-0.058414
-0.161244
-0.213859
-0.098723
-0.065284
0.401427
-0.115598
0.039107
0.040747
-0.218110
-0.268520
0.137614
0.069683
0.042314
-0.046756
0.121361
-0.157732
-0.009176
0.051111
-0.025876
-0.058414
-0.161244
-0.213859
-0.098723
-0.065284
0.401427
-0.115598
0.039107
0.040747
-0.218110
-0.268520
0.137614
0.069683
0.042314
-0.046756
0.121361
-0.157732
-0.009176
0.051111
-0.025876
-0.058414
-0.161244
-0.213859
-0.098723
-0.065284
0.401427
-0.115598
0.039107
0.040747
-0.218110
-0.268520
0.137614
0.069683
0.042314
-0.046756
0.121361
-0.157732
-0.009176
0.051111
-0.025876
-0.058414
-0.161244
-0.213859
-0.098723
-0.065284
0.401427
-0.115598
0.039107
0.040747
-0.218110
-0.268520
0.137614
0.069683
0.042314
-0.046756
0.121361
-0.157732
-0.009176
0.051111
-0.025876
-0.058414
-0.161244
-0.213859
-0.098723
-0.065284
0.401427
-0.115598
0.039107
0.040747
-0.218110
-0.268520
0.137614
0.069683
0.042314
-0.046756
0.121361
-0.157732
-0.009176
0.051111
-0.025876
-0.058414
-0.161244
-0.213859
-0.098723
-0.065284
0.401427
-0.115598
0.039107
0.040747
-0.218110
-0.268520
0.137614
0.069683
0.042314
-0.046756
0.121361
-0.157732
-0.009176
0.051111
-0.025876
-0.058414
-0.161244
-0.213859
-0.098723
-0.065284
0.401427
-0.115598
0.039107
0.040747
-0.218110
-0.268520
0.137614
0.069683
0.042314
-0.046756
0.121361
-0.141658
-0.013718
0.030392
-0.024492
-0.083196
-0.161398
-0.207941
-0.090200
-0.056686
0.387705
-0.115980
0.041297
0.063640
-0.216223
-0.243734
0.123006
0.082708
0.029011
-0.051196
0.147602
0.111045
0.006425
-0.272746
-0.101065
-0.472336
-0.130666
-0.067924
0.068498
0.090917
0.138388
-0.044082
0.048558
0.412813
-0.185927
0.012362
-0.055578
0.193791
-0.194950
-0.108721
0.506473
0.366432
0.180387
-0.208161
-0.331743
-0.996218
0.166451
0.207240
0.357235
0.317007
-0.449281
0.312742
-0.309666
0.767520
-0.009344
0.407744
-0.363105
0.372627
-0.648782
-0.294114
1.119301
0.207950
0.080622
0.891882
-0.631519
-1.336804
0.365445
-0.055844
0.441900
0.696422
-1.290316
0.194595
-1.126186
0.434165
0.578852
0.388475
-0.858541
0.117380
-0.942158
-0.627022
1.559528
-0.097699
-0.211210
1.749381
0.652017
-0.583114
0.133416
-0.570842
0.274439
0.929533
-1.760543
-0.008166
-1.611422
-0.265732
0.896598
0.142198
-1.334050
-0.173294
-0.534903
-0.453173
0.929319
-0.243324
-1.106835
0.806471
2.742235
0.512428
-0.082277
-0.347346
-0.298744
0.482698
-1.494578
0.291946
-0.529039
-0.563778
0.819082
-0.306708
-1.168316
-0.011086
-0.260573
0.309607
-0.807055
-0.442450
-1.582880
-0.331888
2.706799
1.568186
0.278914
0.138156
-0.654800
0.240225
-1.262741
0.593945
1.310208
-0.382047
0.197399
-0.172249
-0.531581
0.376612
-0.454990
0.975816
-2.003056
-0.565626
-1.106807
-0.620394
0.738186
2.063364
0.265422
0.407753
-0.478250
0.250517
-0.856610
0.326898
1.847163
0.072130
-0.360209
-0.007682
-0.096545
0.363065
-0.336278
0.751324
-1.269077
-0.479193
-0.207440
-0.367980
-0.137519
1.311137
-0.228508
0.366832
-0.107066
-0.072034
-0.359498
-0.083968
0.781242
0.137395
-0.394484
-0.280068
0.165065
0.168358
0.177357
0.389396
-0.063760
-0.176822
0.051585
0.016255
-0.006322
0.275512
-0.248906
0.008730
-0.063873
-0.168397
0.244264
-0.127548
0.049682
0.173443
-0.353073
-0.396887
0.333790
0.060543
0.128288
-0.008685
0.199213
-0.157458
-0.006426
0.051953
-0.025466
-0.052671
-0.164574
-0.209466
-0.096817
-0.067811
0.398287
-0.114550
0.038519
0.044147
-0.221482
-0.271607
0.143394
0.069386
0.042973
-0.045914
0.122510
-0.157732
-0.009176
0.051111
-0.025876
-0.058414
-0.161244
-0.213859
-0.098723
-0.065284
0.401427
-0.115598
0.039107
0.040747
-0.218110
-0.268520
0.137614
0.069683
0.042314
-0.046756
0.121361
-0.157732
-0.009176
0.051111
-0.025876
-0.058414
-0.161244
-0.213859
-0.098723
-0.065284
0.401427
-0.115598
0.039107
0.040747
-0.218110
-0.268520
0.137614
0.069683
0.042314
-0.046756
0.121361
-0.157732
-0.009176
0.051111
-0.025876
-0.058414
-0.161244
-0.213859
-0.098723
-0.065284
0.401427
-0.115598
0.039107
0.040747
-0.218110
-0.268520
0.137614
0.069683
0.042314
-0.046756
0.121361
-0.157732
-0.009176
0.051111
-0.025876
-0.058414
-0.161244
-0.213859
-0.098723
-0.065284
0.401427
-0.115598
0.039107
0.040747
-0.218110
-0.268520
0.137614
0.069683
0.042314
-0.046756
0.121361
-0.157732
-0.009176
0.051111
-0.025876
-0.058414
-0.161244
-0.213859
-0.098723
-0.065284
0.401427
-0.115598
0.039107
0.040747
-0.218110
-0.268520
0.137614
0.069683
0.042314
-0.046756
0.121361
-0.157732
-0.009176
0.051111
-0.025876
-0.058414
-0.161244
-0.213859
-0.098723
-0.065284
0.401427
-0.115598
0.039107
0.040747
-0.218110
-0.268520
0.137614
0.069683
0.042314
-0.046756
0.121361
-0.157732
-0.009176
0.051111
-0.025876
-0.058414
-0.161244
-0.213859
-0.098723
-0.065284
0.401427
-0.115598
0.039107
0.040747
-0.218110
-0.268520
0.137614
0.069683
0.042314
-0.046756
0.121361
-0.157732
-0.009176
0.051111
-0.025876
-0.058414
-0.161244
-0.213859
-0.098723
-0.065284
0.401427
-0.115598
0.039107
0.040747
-0.218110
-0.268520
0.137614
0.069683
0.042314
-0.046756
0.121361
-0.157732
-0.009176
0.051111
-0.025876
-0.058414
-0.161244
-0.213859
-0.098723
-0.065284
0.401427
-0.115598
0.039107
0.040747
-0.218110
-0.268520
0.137614
0.069683
0.042314
-0.046756
0.121361
-0.157732
-0.009176
0.051111
-0.025876
-0.058414
-0.161244
-0.213859
-0.098723
-0.065284
0.401427
-0.115598
0.039107
0.040747
-0.218110
-0.268520
0.137614
0.069683
0.042314
-0.046756
0.121361
-0.157732
-0.009176
0.051111
-0.025876
-0.058414
-0.161244
-0.213859
-0.098723
-0.065284
0.401427
-0.115598
0.039107
0.040747
-0.218110
-0.268520
0.137614
0.069683
0.042314
-0.046756
0.121361
-0.157732
-0.009176
0.051111
-0.025876
-0.058414
-0.161244
-0.213859
-0.098723
-0.065284
0.401427
-0.115598
0.039107
0.040747
-0.218110
-0.268520
0.137614
0.069683
0.042314
-0.046756
0.121361
-0.155194
-0.009893
0.047839
-0.025657
-0.062327
-0.161268
-0.212924
-0.097377
-0.063926
0.399260
-0.115658
0.039453
0.044362
-0.217812
-0.264606
0.135307
0.071740
0.040214
-0.047457
0.125505
0.035182
-0.040098
-0.190813
-0.035068
-0.354276
-0.155476
-0.131104
0.010456
0.040529
0.228876
-0.101453
0.059675
0.310960
-0.195144
-0.008892
-0.023511
0.199345
-0.120687
-0.095711
0.418928
0.327675
0.156429
-0.359471
-0.262772
-0.831629
0.074581
0.172577
0.246523
0.235334
-0.227502
0.254441
-0.164986
0.754967
-0.107121
0.334963
-0.279437
0.380637
-0.497453
-0.231359
0.980458
0.218472
0.070947
0.596020
-0.624469
-1.440021
0.323588
0.086935
0.482396
0.514038
-1.134081
0.331363
-0.829411
0.496699
0.417899
0.541280
-0.658873
0.355537
-0.870092
-0.532681
1.520324
0.121275
0.031654
1.669535
-0.001151
-1.142795
0.242480
-0.471504
0.390145
0.952009
-1.783966
0.137670
-1.501135
-0.008973
0.731784
0.392957
-1.205750
-0.105210
-0.827518
-0.628190
1.331568
-0.150940
-0.849346
1.433562
2.065176
0.016887
-0.051062
-0.600053
-0.138577
0.795726
-1.730199
0.174870
-1.076328
-0.651813
1.121088
-0.103285
-1.328521
-0.127305
-0.313895
0.071470
-0.037198
-0.383924
-1.496863
0.107301
3.177881
1.228401
0.283977
-0.072068
-0.521287
0.392829
-1.489671
0.515128
0.521982
-0.447996
0.614297
-0.071991
-0.815832
0.217394
-0.351578
0.806151
-1.721206
-0.582418
-1.526868
-0.611239
1.619399
1.942948
0.435986
0.373196
-0.702900
0.245455
-1.040143
0.474326
1.888363
-0.214193
0.042142
-0.008813
-0.313421
0.377472
-0.465283
0.900897
-1.785185
-0.588305
-0.539683
-0.591079
0.034474
1.763569
0.043581
0.404745
-0.221096
0.135954
-0.665963
0.091689
1.353903
0.116755
-0.462432
-0.085205
0.016626
0.283278
-0.042502
0.607321
-0.576240
-0.287396
-0.027464
-0.131923
-0.043132
0.733482
-0.258886
0.211636
-0.101645
-0.188652
0.024893
-0.196967
0.254297
0.197330
-0.370443
-0.411929
0.316599
0.076499
0.238142
0.105039
0.208116
-0.154549
0.022714
0.060882
-0.021122
0.008206
-0.199871
-0.162905
-0.076622
-0.094593
0.365003
-0.103450
0.032287
0.080183
-0.257226
-0.304334
0.204659
0.066236
0.049960
-0.036983
0.134685
-0.157732
-0.009176
0.051111
-0.025876
-0.058414
-0.161244
-0.213859
-0.098723
-0.065284
0.401427
-0.115598
0.039107
0.040747
-0.218110
-0.268520
0.137614
0.069683
0.042314
-0.046756
0.121361
-0.157732
-0.009176
0.051111
-0.025876
-0.058414
-0.161244
-0.213859
-0.098723
-0.065284
0.401427
-0.115598
0.039107
0.040747
-0.218110
-0.268520
0.137614
0.069683
0.042314
-0.046756
0.121361
-0.157732
-0.009176
0.051111
-0.025876
-0.058414
-0.161244
-0.213859
-0.098723
-0.065284
0.401427
-0.115598
0.039107
0.040747
-0.218110
-0.268520
0.137614
0.069683
0.042314
-0.046756
0.121361
-0.157732
-0.009176
0.051111
-0.025876
-0.058414
-0.161244
-0.213859
-0.098723
-0.065284
0.401427
-0.115598
0.039107
0.040747
-0.218110
-0.268520
0.137614
0.069683
0.042314
-0.046756
0.121361
-0.157732
-0.009176
0.051111
-0.025876
-0.058414
-0.161244
-0.213859
-0.098723
-0.065284
0.401427
-0.115598
0.039107
0.040747
-0.218110
-0.268520
0.137614
0.069683
0.042314
-0.046756
0.121361
-0.157732
-0.009176
0.051111
-0.025876
-0.058414
-0.161244
-0.213859
-0.098723
-0.065284
0.401427
-0.115598
0.039107
0.040747
-0.218110
-0.268520
0.137614
0.069683
0.042314
-0.046756
0.121361
-0.157732
-0.009176
0.051111
-0.025876
-0.058414
-0.161244
-0.213859
-0.098723
-0.065284
0.401427
-0.115598
0.039107
0.040747
-0.218110
-0.268520
0.137614
0.069683
0.042314
-0.046756
0.121361
-0.157732
-0.009176
0.051111
-0.025876
-0.058414
-0.161244
-0.213859
-0.098723
-0.065284
0.401427
-0.115598
0.039107
0.040747
-0.218110
-0.268520
0.137614
0.069683
0.042314
-0.046756
0.121361
-0.157732
-0.009176
0.051111
-0.025876
-0.058414
-0.161244
-0.213859
-0.098723
-0.065284
0.401427
-0.115598
0.039107
0.040747
-0.218110
-0.268520
0.137614
0.069683
0.042314
-0.046756
0.121361
-0.157732
-0.009176
0.051111
-0.025876
-0.058414
-0.161244
-0.213859
-0.098723
-0.065284
0.401427
-0.115598
0.039107
0.040747
-0.218110
-0.268520
0.137614
0.069683
0.042314
-0.046756
0.121361
-0.157732
-0.009176
0.051111
-0.025876
-0.058414
-0.161244
-0.213859
-0.098723
-0.065284
0.401427
-0.115598
0.039107
0.040747
-0.218110
-0.268520
0.137614
0.069683
0.042314
-0.046756
0.121361
-0.157732
-0.009176
0.051111
-0.025876
-0.058414
-0.161244
-0.213859
-0.098723
-0.065284
0.401427
-0.115598
0.039107
0.040747
-0.218110
-0.268520
0.137614
0.069683
0.042314
-0.046756
0.121361
-0.157732
-0.009176
0.051111
-0.025876
-0.058414
-0.161244
-0.213859
-0.098723
-0.065284
0.401427
-0.115598
0.039107
0.040747
-0.218110
-0.268520
0.137614
0.069683
0.042314
-0.046756
0.121361
-0.122124
-0.015409
0.006540
-0.027116
-0.112692
-0.160587
-0.198940
-0.078588
-0.045959
0.369956
-0.113749
0.043361
0.090270
-0.213838
-0.220632
0.107821
0.093566
0.012424
-0.055589
0.175766
0.300143
0.130223
-0.413220
-0.275225
-0.722448
-0.062289
0.096662
0.230936
0.196831
-0.086435
0.095581
0.014801
0.626010
-0.146676
0.022359
-0.135310
0.153361
-0.385922
-0.125370
0.669980
0.365728
0.105128
0.261871
-0.445945
-1.233647
0.367153
0.236754
0.540447
0.524713
-0.903166
0.345000
-0.686479
0.673510
0.244263
0.515741
-0.520544
0.261203
-0.891892
-0.461030
1.426539
0.039718
-0.054274
1.397960
-0.512958
-1.368417
0.448200
-0.149956
0.518602
0.847391
-1.674135
0.362510
-1.524555
0.172410
0.773150
0.499349
-1.061975
-0.180795
-0.955317
-0.816499
1.620657
-0.100686
-0.554170
1.784820
1.345788
-0.463587
0.203305
-0.500271
0.199493
0.741878
-2.034113
0.100501
-1.484034
-0.609531
1.224186
0.111205
-1.396411
-0.167298
-0.436520
-0.215021
0.580439
-0.281536
-1.373003
0.501187
3.106113
0.973571
0.240571
-0.204479
-0.363121
0.621011
-1.679034
0.462108
-0.118538
-0.522372
0.865261
-0.167093
-1.112774
-0.033982
-0.372018
0.577008
-1.292130
-0.596782
-1.722227
-0.503295
2.416622
1.956469
0.501581
0.383299
-0.712037
0.313925
-1.290843
0.523641
1.522613
-0.382054
0.365044
-0.144884
-0.532334
0.301703
-0.478975
1.018490
-2.062395
-0.647330
-1.045674
-0.691621
0.560394
2.051311
0.346905
0.542706
-0.396431
0.159951
-0.897683
0.163197
1.682541
0.088008
-0.336194
-0.043650
-0.104708
0.246845
-0.251808
0.627640
-1.111084
-0.445406
-0.182181
-0.343451
-0.149063
1.252846
-0.251375
0.381577
-0.105719
-0.099898
-0.312902
-0.087320
0.712838
0.151728
-0.389602
-0.319018
0.179566
0.136624
0.190227
0.336827
-0.022507
-0.175463
0.053016
0.019703
-0.003342
0.261834
-0.241135
-0.002439
-0.070177
-0.162834
0.252989
-0.133983
0.046111
0.169643
-0.345332
-0.390133
0.331249
0.062203
0.127951
-0.009680
0.198688
-0.157732
-0.009176
0.051111
-0.025876
-0.058414
-0.161244
-0.213859
-0.098723
-0.065284
0.401427
-0.115598
0.039107
0.040747
-0.218110
-0.268520
0.137614
0.069683
0.042314
-0.046756
0.121361
-0.157732
-0.009176
0.051111
-0.025876
-0.058414
-0.161244
-0.213859
-0.098723
-0.065284
0.401427
-0.115598
0.039107
0.040747
-0.218110
-0.268520
0.137614
0.069683
0.042314
-0.046756
0.121361
-0.157732
-0.009176
0.051111
-0.025876
-0.058414
-0.161244
-0.213859
-0.098723
-0.065284
0.401427
-0.115598
0.039107
0.040747
-0.218110
-0.268520
0.137614
0.069683
0.042314
-0.046756
0.121361
-0.157732
-0.009176
0.051111
-0.025876
-0.058414
-0.161244
-0.213859
-0.098723
-0.065284
0.401427
-0.115598
0.039107
0.040747
-0.218110
-0.268520
0.137614
0.069683
0.042314
-0.046756
0.121361
-0.157732
-0.009176
0.051111
-0.025876
-0.058414
-0.161244
-0.213859
-0.098723
-0.065284
0.401427
-0.115598
0.039107
0.040747
-0.218110
-0.268520
0.137614
0.069683
0.042314
-0.046756
0.121361
-0.157732
-0.009176
0.051111
-0.025876
-0.058414
-0.161244
-0.213859
-0.098723
-0.065284
0.401427
-0.115598
0.039107
0.040747
-0.218110
-0.268520
0.137614
0.069683
0.042314
-0.046756
0.121361
