-0.157732
-0.009176
0.051111
-0.025876
-0.058414
-0.161244
-0.213859
-0.098723
-0.065284
0.401427
-0.115598
0.039107
0.040747
-0.218110
-0.268520
0.137614
0.069683
0.042314
-0.046756
0.121361
-0.157732
-0.009176
0.051111
-0.025876
-0.058414
-0.161244
-0.213859
-0.098723
-0.065284
0.401427
-0.115598
0.039107
0.040747
-0.218110
-0.268520
0.137614
0.069683
0.042314
-0.046756
0.121361
-0.157732
-0.009176
0.051111
-0.025876
-0.058414
-0.161244
-0.213859
-0.098723
-0.065284
0.401427
-0.115598
0.039107
0.040747
-0.218110
-0.268520
0.137614
0.069683
0.042314
-0.046756
0.121361
-0.157732
-0.009176
0.051111
-0.025876
-0.058414
-0.161244
-0.213859
-0.098723
-0.065284
0.401427
-0.115598
0.039107
0.040747
-0.218110
-0.268520
0.137614
0.069683
0.042314
-0.046756
0.121361
-0.157732
-0.009176
0.051111
-0.025876
-0.058414
-0.161244
-0.213859
-0.098723
-0.065284
0.401427
-0.115598
0.039107
0.040747
-0.218110
-0.268520
0.137614
0.069683
0.042314
-0.046756
0.121361
-0.157732
-0.009176
0.051111
-0.025876
-0.058414
-0.161244
-0.213859
-0.098723
-0.065284
0.401427
-0.115598
0.039107
0.040747
-0.218110
-0.268520
0.137614
0.069683
0.042314
-0.046756
0.121361
-0.157732
-0.009176
0.051111
-0.025876
-0.058414
-0.161244
-0.213859
-0.098723
-0.065284
0.401427
-0.115598
0.039107
0.040747
-0.218110
-0.268520
0.137614
0.069683
0.042314
-0.046756
0.121361
-0.157732
-0.009176
0.051111
-0.025876
-0.058414
-0.161244
-0.213859
-0.098723
-0.065284
0.401427
-0.115598
0.039107
0.040747
-0.218110
-0.268520
0.137614
0.069683
0.042314
-0.046756
0.121361
-0.157732
-0.009176
0.051111
-0.025876
-0.058414
-0.161244
-0.213859
-0.098723
-0.065284
0.401427
-0.115598
0.039107
0.040747
-0.218110
-0.268520
0.137614
0.069683
0.042314
-0.046756
0.121361
-0.157732
-0.009176
0.051111
-0.025876
-0.058414
-0.161244
-0.213859
-0.098723
-0.065284
0.401427
-0.115598
0.039107
0.040747
-0.218110
-0.268520
0.137614
0.069683
0.042314
-0.046756
0.121361
-0.157732
-0.009176
0.051111
-0.025876
-0.058414
-0.161244
-0.213859
-0.098723
-0.065284
0.401427
-0.115598
0.039107
0.040747
-0.218110
-0.268520
0.137614
0.069683
0.042314
-0.046756
0.121361
-0.150118
-0.011327
0.041297
-0.025220
-0.070153
-0.161317
-0.211056
-0.094686
-0.061211
0.394927
-0.115779
0.040145
0.051591
-0.217216
-0.256779
0.130695
0.075853
0.036013
-0.048859
0.133791
0.228426
0.112000
-0.223928
-0.233242
-0.513791
-0.063611
0.065009
0.196578
0.100679
0.009167
0.060324
0.005586
0.470386
-0.130436
-0.056707
-0.112942
0.141702
-0.319760
-0.085648
0.504403
0.475752
0.122639
0.317175
-0.603225
-0.954750
0.383929
0.416232
0.579058
0.498696
-0.842237
0.329926
-0.671496
0.651765
0.300533
0.208364
-0.542715
0.055437
-0.860640
-0.386959
1.286639
0.107966
-0.185844
1.401879
-0.460443
-0.848720
0.590302
0.157477
0.623088
0.864634
-1.528949
0.178268
-1.693987
0.144410
0.952309
0.059166
-1.144488
-0.415165
-0.988113
-0.840786
1.486000
-0.408276
-0.821638
1.417297
1.531276
-0.061500
0.175636
-0.231733
0.176121
0.703376
-1.910503
-0.129217
-1.671069
-0.583061
1.280381
-0.339535
-1.372392
-0.567883
-0.320673
-0.318892
0.263644
-0.344267
-1.552241
0.304852
3.154875
1.243789
0.221243
0.118430
-0.443571
0.314134
-1.641733
0.350975
0.188316
-0.420024
0.776802
-0.342795
-0.906971
-0.011215
-0.252839
0.583615
-1.576273
-0.604715
-1.707541
-0.625461
1.883249
2.132263
0.365887
0.555542
-0.687274
0.238066
-1.239719
0.566015
1.862289
-0.247789
0.152930
-0.193879
-0.377030
0.310868
-0.416187
0.940025
-1.910825
-0.624287
-0.684101
-0.703409
0.156039
1.973843
0.095315
0.559175
-0.298534
0.171317
-0.802317
0.175792
1.498169
0.110226
-0.482612
-0.198342
0.012121
0.257511
-0.113976
0.658857
-0.776236
-0.323418
-0.101432
-0.260413
-0.059736
0.953086
-0.188400
0.332669
-0.155366
-0.173639
-0.077383
-0.191155
0.380838
0.213010
-0.420921
-0.434308
0.282681
0.078475
0.267428
0.131017
0.169844
-0.174574
0.007222
0.017181
-0.013194
0.122758
-0.184626
-0.101164
-0.098595
-0.111535
0.322948
-0.141831
0.051273
0.101156
-0.277544
-0.326897
0.220629
0.067326
0.100841
-0.027824
0.167845
-0.157732
-0.009176
0.051111
-0.025876
-0.058414
-0.161244
-0.213859
-0.098723
-0.065284
0.401427
-0.115598
0.039107
0.040747
-0.218110
-0.268520
0.137614
0.069683
0.042314
-0.046756
0.121361
-0.157732
-0.009176
0.051111
-0.025876
-0.058414
-0.161244
-0.213859
-0.098723
-0.065284
0.401427
-0.115598
0.039107
0.040747
-0.218110
-0.268520
0.137614
0.069683
0.042314
-0.046756
0.121361
-0.157732
-0.009176
0.051111
-0.025876
-0.058414
-0.161244
-0.213859
-0.098723
-0.065284
0.401427
-0.115598
0.039107
0.040747
-0.218110
-0.268520
0.137614
0.069683
0.042314
-0.046756
0.121361
-0.157732
-0.009176
0.051111
-0.025876
-0.058414
-0.161244
-0.213859
-0.098723
-0.065284
0.401427
-0.115598
0.039107
0.040747
-0.218110
-0.268520
0.137614
0.069683
0.042314
-0.046756
0.121361
-0.157732
-0.009176
0.051111
-0.025876
-0.058414
-0.161244
-0.213859
-0.098723
-0.065284
0.401427
-0.115598
0.039107
0.040747
-0.218110
-0.268520
0.137614
0.069683
0.042314
-0.046756
0.121361
-0.157732
-0.009176
0.051111
-0.025876
-0.058414
-0.161244
-0.213859
-0.098723
-0.065284
0.401427
-0.115598
0.039107
0.040747
-0.218110
-0.268520
0.137614
0.069683
0.042314
-0.046756
0.121361
-0.157732
-0.009176
0.051111
-0.025876
-0.058414
-0.161244
-0.213859
-0.098723
-0.065284
0.401427
-0.115598
0.039107
0.040747
-0.218110
-0.268520
0.137614
0.069683
0.042314
-0.046756
0.121361
-0.157732
-0.009176
0.051111
-0.025876
-0.058414
-0.161244
-0.213859
-0.098723
-0.065284
0.401427
-0.115598
0.039107
0.040747
-0.218110
-0.268520
0.137614
0.069683
0.042314
-0.046756
0.121361
-0.157732
-0.009176
0.051111
-0.025876
-0.058414
-0.161244
-0.213859
-0.098723
-0.065284
0.401427
-0.115598
0.039107
0.040747
-0.218110
-0.268520
0.137614
0.069683
0.042314
-0.046756
0.121361
-0.157732
-0.009176
0.051111
-0.025876
-0.058414
-0.161244
-0.213859
-0.098723
-0.065284
0.401427
-0.115598
0.039107
0.040747
-0.218110
-0.268520
0.137614
0.069683
0.042314
-0.046756
0.121361
-0.157732
-0.009176
0.051111
-0.025876
-0.058414
-0.161244
-0.213859
-0.098723
-0.065284
0.401427
-0.115598
0.039107
0.040747
-0.218110
-0.268520
0.137614
0.069683
0.042314
-0.046756
0.121361
-0.157732
-0.009176
0.051111
-0.025876
-0.058414
-0.161244
-0.213859
-0.098723
-0.065284
0.401427
-0.115598
0.039107
0.040747
-0.218110
-0.268520
0.137614
0.069683
0.042314
-0.046756
0.121361
-0.157732
-0.009176
0.051111
-0.025876
-0.058414
-0.161244
-0.213859
-0.098723
-0.065284
0.401427
-0.115598
0.039107
0.040747
-0.218110
-0.268520
0.137614
0.069683
0.042314
-0.046756
0.121361
-0.157732
-0.009176
0.051111
-0.025876
-0.058414
-0.161244
-0.213859
-0.098723
-0.065284
0.401427
-0.115598
0.039107
0.040747
-0.218110
-0.268520
0.137614
0.069683
0.042314
-0.046756
0.121361
-0.040754
-0.030744
-0.095686
-0.028724
-0.236898
-0.159370
-0.165366
-0.032936
-0.001879
0.298346
-0.110294
0.053252
0.203774
-0.204101
-0.109202
0.039010
0.149556
-0.055760
-0.076059
0.301150
0.385057
0.139397
-0.171350
-0.400836
-0.697240
0.081960
0.258618
0.320444
0.211674
-0.301643
0.202809
-0.198572
0.677686
0.010009
0.088908
-0.291690
0.222072
-0.485317
-0.158226
0.875489
0.339308
-0.057399
0.833728
-0.755216
-0.940449
0.456138
0.353775
0.575364
0.699412
-1.187744
0.151488
-1.130664
0.484163
0.680714
0.000561
-0.763919
-0.116539
-0.843589
-0.598466
1.541974
-0.219371
-0.468623
1.635673
0.380751
-0.393838
0.298077
-0.054319
0.479043
0.875252
-1.753744
-0.056257
-1.920786
-0.234682
1.120046
-0.256734
-1.323208
-0.511808
-0.590191
-0.693998
1.006401
-0.284017
-1.063806
0.693667
2.568748
0.580654
0.009522
-0.024110
-0.251840
0.399658
-1.581246
0.114190
-0.808878
-0.466455
0.959454
-0.560206
-1.248817
-0.319706
-0.285217
0.061884
-0.791528
-0.424136
-1.570035
-0.435419
2.794326
1.857997
0.300124
0.273446
-0.769324
0.281134
-1.299408
0.479746
1.306530
-0.332270
0.241307
-0.345556
-0.638635
0.308328
-0.395913
0.992452
-2.092352
-0.606268
-1.225605
-0.687843
0.877245
2.299360
0.302155
0.498307
-0.527070
0.266921
-0.897854
0.262157
1.889416
0.089688
-0.413756
-0.148798
-0.155278
0.342122
-0.340009
0.771834
-1.390088
-0.496230
-0.303361
-0.399009
-0.129597
1.443660
-0.256595
0.466917
-0.067203
-0.113209
-0.425840
-0.051273
0.852654
0.154174
-0.471700
-0.362810
0.128175
0.139388
0.125911
0.368987
-0.136197
-0.188553
0.050169
-0.003556
-0.030935
0.395813
-0.320660
0.100757
-0.009730
-0.212756
0.166222
-0.073434
0.083986
0.208086
-0.414318
-0.449356
0.366843
0.049064
0.126863
0.008488
0.197629
-0.155317
0.015017
0.058524
-0.022269
-0.007874
-0.190547
-0.175204
-0.081956
-0.087518
0.373795
-0.106382
0.033933
0.070664
-0.247784
-0.295689
0.188476
0.067068
0.048114
-0.039342
0.131469
-0.157732
-0.009176
0.051111
-0.025876
-0.058414
-0.161244
-0.213859
-0.098723
-0.065284
0.401427
-0.115598
0.039107
0.040747
-0.218110
-0.268520
0.137614
0.069683
0.042314
-0.046756
0.121361
-0.157732
-0.009176
0.051111
-0.025876
-0.058414
-0.161244
-0.213859
-0.098723
-0.065284
0.401427
-0.115598
0.039107
0.040747
-0.218110
-0.268520
0.137614
0.069683
0.042314
-0.046756
0.121361
-0.157732
-0.009176
0.051111
-0.025876
-0.058414
-0.161244
-0.213859
-0.098723
-0.065284
0.401427
-0.115598
0.039107
0.040747
-0.218110
-0.268520
0.137614
0.069683
0.042314
-0.046756
0.121361
-0.157732
-0.009176
0.051111
-0.025876
-0.058414
-0.161244
-0.213859
-0.098723
-0.065284
0.401427
-0.115598
0.039107
0.040747
-0.218110
-0.268520
0.137614
0.069683
0.042314
-0.046756
0.121361
-0.157732
-0.009176
0.051111
-0.025876
-0.058414
-0.161244
-0.213859
-0.098723
-0.065284
0.401427
-0.115598
0.039107
0.040747
-0.218110
-0.268520
0.137614
0.069683
0.042314
-0.046756
0.121361
-0.157732
-0.009176
0.051111
-0.025876
-0.058414
-0.161244
-0.213859
-0.098723
-0.065284
0.401427
-0.115598
0.039107
0.040747
-0.218110
-0.268520
0.137614
0.069683
0.042314
-0.046756
0.121361
-0.157732
-0.009176
0.051111
-0.025876
-0.058414
-0.161244
-0.213859
-0.098723
-0.065284
0.401427
-0.115598
0.039107
0.040747
-0.218110
-0.268520
0.137614
0.069683
0.042314
-0.046756
0.121361
-0.157732
-0.009176
0.051111
-0.025876
-0.058414
-0.161244
-0.213859
-0.098723
-0.065284
0.401427
-0.115598
0.039107
0.040747
-0.218110
-0.268520
0.137614
0.069683
0.042314
-0.046756
0.121361
-0.157732
-0.009176
0.051111
-0.025876
-0.058414
-0.161244
-0.213859
-0.098723
-0.065284
0.401427
-0.115598
0.039107
0.040747
-0.218110
-0.268520
0.137614
0.069683
0.042314
-0.046756
0.121361
-0.157732
-0.009176
0.051111
-0.025876
-0.058414
-0.161244
-0.213859
-0.098723
-0.065284
0.401427
-0.115598
0.039107
0.040747
-0.218110
-0.268520
0.137614
0.069683
0.042314
-0.046756
0.121361
-0.157732
-0.009176
0.051111
-0.025876
-0.058414
-0.161244
-0.213859
-0.098723
-0.065284
0.401427
-0.115598
0.039107
0.040747
-0.218110
-0.268520
0.137614
0.069683
0.042314
-0.046756
0.121361
-0.157732
-0.009176
0.051111
-0.025876
-0.058414
-0.161244
-0.213859
-0.098723
-0.065284
0.401427
-0.115598
0.039107
0.040747
-0.218110
-0.268520
0.137614
0.069683
0.042314
-0.046756
0.121361
-0.157732
-0.009176
0.051111
-0.025876
-0.058414
-0.161244
-0.213859
-0.098723
-0.065284
0.401427
-0.115598
0.039107
0.040747
-0.218110
-0.268520
0.137614
0.069683
0.042314
-0.046756
0.121361
-0.094281
-0.027106
-0.030675
-0.020413
-0.156235
-0.161852
-0.190501
-0.065081
-0.031346
0.347259
-0.117106
0.047752
0.131115
-0.210661
-0.170682
0.079953
0.121095
-0.010199
-0.064282
0.224944
0.190810
0.046186
-0.358477
-0.148154
-0.610849
-0.082199
0.005806
0.118279
0.145937
0.030288
0.040121
0.005021
0.550643
-0.173965
0.125452
-0.124138
0.258710
-0.284150
-0.146922
0.674281
0.382829
0.124120
0.171066
-0.541831
-1.012968
0.251502
0.220612
0.393699
0.424502
-0.753545
0.203790
-0.611527
0.727217
0.273954
0.252486
-0.532702
0.294313
-0.709643
-0.349658
1.322939
0.100290
-0.015339
1.363592
-0.398887
-0.821570
0.321992
-0.081048
0.473241
0.866539
-1.471905
0.030584
-1.525648
0.229047
0.834883
-0.015119
-1.103127
-0.181375
-0.775122
-0.680683
1.382802
-0.312379
-0.672182
1.365719
1.600173
0.002142
-0.097338
-0.389437
0.055621
0.791756
-1.687633
-0.098066
-1.452785
-0.526930
0.943003
-0.479906
-1.354702
-0.373655
-0.314461
-0.215872
0.145958
-0.277878
-1.478640
0.167500
3.106638
1.140578
0.067184
0.077192
-0.493977
0.238020
-1.406917
0.504643
0.293959
-0.402200
0.422117
-0.444978
-0.872165
0.104270
-0.324455
0.567732
-1.575543
-0.528719
-1.561041
-0.617399
1.736204
2.026321
0.327376
0.452002
-0.671190
0.167553
-1.105311
0.573850
1.893169
-0.165470
-0.093640
-0.125850
-0.276034
0.393704
-0.432526
0.893672
-1.781977
-0.590379
-0.554355
-0.599551
0.073158
1.866848
0.004736
0.427803
-0.226822
0.152234
-0.712840
0.136924
1.421824
0.136492
-0.508757
-0.112515
0.054441
0.310678
-0.062530
0.663894
-0.625108
-0.290670
-0.032561
-0.144414
-0.046152
0.763596
-0.257109
0.230570
-0.104007
-0.190179
0.009804
-0.192985
0.268391
0.202565
-0.379571
-0.418434
0.318402
0.075515
0.240477
0.108615
0.203778
-0.156761
0.021591
0.056111
-0.020126
0.022555
-0.198911
-0.154871
-0.078677
-0.097104
0.359496
-0.107569
0.034309
0.083354
-0.260316
-0.307613
0.207814
0.066291
0.055894
-0.035747
0.138719
-0.157732
-0.009176
0.051111
-0.025876
-0.058414
-0.161244
-0.213859
-0.098723
-0.065284
0.401427
-0.115598
0.039107
0.040747
-0.218110
-0.268520
0.137614
0.069683
0.042314
-0.046756
0.121361
-0.157732
-0.009176
0.051111
-0.025876
-0.058414
-0.161244
-0.213859
-0.098723
-0.065284
0.401427
-0.115598
0.039107
0.040747
-0.218110
-0.268520
0.137614
0.069683
0.042314
-0.046756
0.121361
-0.157732
-0.009176
0.051111
-0.025876
-0.058414
-0.161244
-0.213859
-0.098723
-0.065284
0.401427
-0.115598
0.039107
0.040747
-0.218110
-0.268520
0.137614
0.069683
0.042314
-0.046756
0.121361
-0.157732
-0.009176
0.051111
-0.025876
-0.058414
-0.161244
-0.213859
-0.098723
-0.065284
0.401427
-0.115598
0.039107
0.040747
-0.218110
-0.268520
0.137614
0.069683
0.042314
-0.046756
0.121361
-0.157732
-0.009176
0.051111
-0.025876
-0.058414
-0.161244
-0.213859
-0.098723
-0.065284
0.401427
-0.115598
0.039107
0.040747
-0.218110
-0.268520
0.137614
0.069683
0.042314
-0.046756
0.121361
-0.157732
-0.009176
0.051111
-0.025876
-0.058414
-0.161244
-0.213859
-0.098723
-0.065284
0.401427
-0.115598
0.039107
0.040747
-0.218110
-0.268520
0.137614
0.069683
0.042314
-0.046756
0.121361
-0.157732
-0.009176
0.051111
-0.025876
-0.058414
-0.161244
-0.213859
-0.098723
-0.065284
0.401427
-0.115598
0.039107
0.040747
-0.218110
-0.268520
0.137614
0.069683
0.042314
-0.046756
0.121361
-0.157732
-0.009176
0.051111
-0.025876
-0.058414
-0.161244
-0.213859
-0.098723
-0.065284
0.401427
-0.115598
0.039107
0.040747
-0.218110
-0.268520
0.137614
0.069683
0.042314
-0.046756
0.121361
-0.157732
-0.009176
0.051111
-0.025876
-0.058414
-0.161244
-0.213859
-0.098723
-0.065284
0.401427
-0.115598
0.039107
0.040747
-0.218110
-0.268520
0.137614
0.069683
0.042314
-0.046756
0.121361
-0.157732
-0.009176
0.051111
-0.025876
-0.058414
-0.161244
-0.213859
-0.098723
-0.065284
0.401427
-0.115598
0.039107
0.040747
-0.218110
-0.268520
0.137614
0.069683
0.042314
-0.046756
0.121361
-0.157732
-0.009176
0.051111
-0.025876
-0.058414
-0.161244
-0.213859
-0.098723
-0.065284
0.401427
-0.115598
0.039107
0.040747
-0.218110
-0.268520
0.137614
0.069683
0.042314
-0.046756
0.121361
-0.157732
-0.009176
0.051111
-0.025876
-0.058414
-0.161244
-0.213859
-0.098723
-0.065284
0.401427
-0.115598
0.039107
0.040747
-0.218110
-0.268520
0.137614
0.069683
0.042314
-0.046756
0.121361
-0.157732
-0.009176
0.051111
-0.025876
-0.058414
-0.161244
-0.213859
-0.098723
-0.065284
0.401427
-0.115598
0.039107
0.040747
-0.218110
-0.268520
0.137614
0.069683
0.042314
-0.046756
0.121361
-0.141658
-0.013718
0.030392
-0.024492
-0.083196
-0.161398
-0.207941
-0.090200
-0.056686
0.387705
-0.115980
0.041297
0.063640
-0.216223
-0.243734
0.123006
0.082708
0.029011
-0.051196
0.147602
0.111045
0.006425
-0.272746
-0.101065
-0.472336
-0.130666
-0.067924
0.068498
0.090917
0.138388
-0.044082
0.048558
0.412813
-0.185927
0.012362
-0.055578
0.193791
-0.194950
-0.108721
0.506473
0.366432
0.180387
-0.208161
-0.331743
-0.996218
0.166451
0.207240
0.357235
0.317007
-0.449281
0.312742
-0.309666
0.767520
-0.009344
0.407744
-0.363105
0.372627
-0.648782
-0.294114
1.119301
0.207950
0.080622
0.891882
-0.631519
-1.336804
0.365445
-0.055844
0.441900
0.696422
-1.290316
0.194595
-1.126186
0.434165
0.578852
0.388475
-0.858541
0.117380
-0.942158
-0.627022
1.559528
-0.097699
-0.211210
1.749381
0.652017
-0.583114
0.133416
-0.570842
0.274439
0.929533
-1.760543
-0.008166
-1.611422
-0.265732
0.896598
0.142198
-1.334050
-0.173294
-0.534903
-0.453173
0.929319
-0.243324
-1.106835
0.806471
2.742235
0.512428
-0.082277
-0.347346
-0.298744
0.482698
-1.494578
0.291946
-0.529039
-0.563778
0.819082
-0.306708
-1.168316
-0.011086
-0.260573
0.309607
-0.807055
-0.442450
-1.582880
-0.331888
2.706799
1.568186
0.278914
0.138156
-0.654800
0.240225
-1.262741
0.593945
1.310208
-0.382047
0.197399
-0.172249
-0.531581
0.376612
-0.454990
0.975816
-2.003056
-0.565626
-1.106807
-0.620394
0.738186
2.063364
0.265422
0.407753
-0.478250
0.250517
-0.856610
0.326898
1.847163
0.072130
-0.360209
-0.007682
-0.096545
0.363065
-0.336278
0.751324
-1.269077
-0.479193
-0.207440
-0.367980
-0.137519
1.311137
-0.228508
0.366832
-0.107066
-0.072034
-0.359498
-0.083968
0.781242
0.137395
-0.394484
-0.280068
0.165065
0.168358
0.177357
0.389396
-0.063760
-0.176822
0.051585
0.016255
-0.006322
0.275512
-0.248906
0.008730
-0.063873
-0.168397
0.244264
-0.127548
0.049682
0.173443
-0.353073
-0.396887
0.333790
0.060543
0.128288
-0.008685
0.199213
-0.157458
-0.006426
0.051953
-0.025466
-0.052671
-0.164574
-0.209466
-0.096817
-0.067811
0.398287
-0.114550
0.038519
0.044147
-0.221482
-0.271607
0.143394
0.069386
0.042973
-0.045914
0.122510
-0.157732
-0.009176
0.051111
-0.025876
-0.058414
-0.161244
-0.213859
-0.098723
-0.065284
0.401427
-0.115598
0.039107
0.040747
-0.218110
-0.268520
0.137614
0.069683
0.042314
-0.046756
0.121361
-0.157732
-0.009176
0.051111
-0.025876
-0.058414
-0.161244
-0.213859
-0.098723
-0.065284
0.401427
-0.115598
0.039107
0.040747
-0.218110
-0.268520
0.137614
0.069683
0.042314
-0.046756
0.121361
-0.157732
-0.009176
0.051111
-0.025876
-0.058414
-0.161244
-0.213859
-0.098723
-0.065284
0.401427
-0.115598
0.039107
0.040747
-0.218110
-0.268520
0.137614
0.069683
0.042314
-0.046756
0.121361
-0.157732
-0.009176
0.051111
-0.025876
-0.058414
-0.161244
-0.213859
-0.098723
-0.065284
0.401427
-0.115598
0.039107
0.040747
-0.218110
-0.268520
0.137614
0.069683
0.042314
-0.046756
0.121361
-0.157732
-0.009176
0.051111
-0.025876
-0.058414
-0.161244
-0.213859
-0.098723
-0.065284
0.401427
-0.115598
0.039107
0.040747
-0.218110
-0.268520
0.137614
0.069683
0.042314
-0.046756
0.121361
-0.157732
-0.009176
0.051111
-0.025876
-0.058414
-0.161244
-0.213859
-0.098723
-0.065284
0.401427
-0.115598
0.039107
0.040747
-0.218110
-0.268520
0.137614
0.069683
0.042314
-0.046756
0.121361
-0.157732
-0.009176
0.051111
-0.025876
-0.058414
-0.161244
-0.213859
-0.098723
-0.065284
0.401427
-0.115598
0.039107
0.040747
-0.218110
-0.268520
0.137614
0.069683
0.042314
-0.046756
0.121361
-0.157732
-0.009176
0.051111
-0.025876
-0.058414
-0.161244
-0.213859
-0.098723
-0.065284
0.401427
-0.115598
0.039107
0.040747
-0.218110
-0.268520
0.137614
0.069683
0.042314
-0.046756
0.121361
-0.157732
-0.009176
0.051111
-0.025876
-0.058414
-0.161244
-0.213859
-0.098723
-0.065284
0.401427
-0.115598
0.039107
0.040747
-0.218110
-0.268520
0.137614
0.069683
0.042314
-0.046756
0.121361
-0.157732
-0.009176
0.051111
-0.025876
-0.058414
-0.161244
-0.213859
-0.098723
-0.065284
0.401427
-0.115598
0.039107
0.040747
-0.218110
-0.268520
0.137614
0.069683
0.042314
-0.046756
0.121361
-0.157732
-0.009176
0.051111
-0.025876
-0.058414
-0.161244
-0.213859
-0.098723
-0.065284
0.401427
-0.115598
0.039107
0.040747
-0.218110
-0.268520
0.137614
0.069683
0.042314
-0.046756
0.121361
-0.157732
-0.009176
0.051111
-0.025876
-0.058414
-0.161244
-0.213859
-0.098723
-0.065284
0.401427
-0.115598
0.039107
0.040747
-0.218110
-0.268520
0.137614
0.069683
0.042314
-0.046756
0.121361
-0.155194
-0.009893
0.047839
-0.025657
-0.062327
-0.161268
-0.212924
-0.097377
-0.063926
0.399260
-0.115658
0.039453
0.044362
-0.217812
-0.264606
0.135307
0.071740
0.040214
-0.047457
0.125505
0.035182
-0.040098
-0.190813
-0.035068
-0.354276
-0.155476
-0.131104
0.010456
0.040529
0.228876
-0.101453
0.059675
0.310960
-0.195144
-0.008892
-0.023511
0.199345
-0.120687
-0.095711
0.418928
0.327675
0.156429
-0.359471
-0.262772
-0.831629
0.074581
0.172577
0.246523
0.235334
-0.227502
0.254441
-0.164986
0.754967
-0.107121
0.334963
-0.279437
0.380637
-0.497453
-0.231359
0.980458
0.218472
0.070947
0.596020
-0.624469
-1.440021
0.323588
0.086935
0.482396
0.514038
-1.134081
0.331363
-0.829411
0.496699
0.417899
0.541280
-0.658873
0.355537
-0.870092
-0.532681
1.520324
0.121275
0.031654
1.669535
-0.001151
-1.142795
0.242480
-0.471504
0.390145
0.952009
-1.783966
0.137670
-1.501135
-0.008973
0.731784
0.392957
-1.205750
-0.105210
-0.827518
-0.628190
1.331568
-0.150940
-0.849346
1.433562
2.065176
0.016887
-0.051062
-0.600053
-0.138577
0.795726
-1.730199
0.174870
-1.076328
-0.651813
1.121088
-0.103285
-1.328521
-0.127305
-0.313895
0.071470
-0.037198
-0.383924
-1.496863
0.107301
3.177881
1.228401
0.283977
-0.072068
-0.521287
0.392829
-1.489671
0.515128
0.521982
-0.447996
0.614297
-0.071991
-0.815832
0.217394
-0.351578
0.806151
-1.721206
-0.582418
-1.526868
-0.611239
1.619399
1.942948
0.435986
0.373196
-0.702900
0.245455
-1.040143
0.474326
1.888363
-0.214193
0.042142
-0.008813
-0.313421
0.377472
-0.465283
0.900897
-1.785185
-0.588305
-0.539683
-0.591079
0.034474
1.763569
0.043581
0.404745
-0.221096
0.135954
-0.665963
0.091689
1.353903
0.116755
-0.462432
-0.085205
0.016626
0.283278
-0.042502
0.607321
-0.576240
-0.287396
-0.027464
-0.131923
-0.043132
0.733482
-0.258886
0.211636
-0.101645
-0.188652
0.024893
-0.196967
0.254297
0.197330
-0.370443
-0.411929
0.316599
0.076499
0.238142
0.105039
0.208116
-0.154549
0.022714
0.060882
-0.021122
0.008206
-0.199871
-0.162905
-0.076622
-0.094593
0.365003
-0.103450
0.032287
0.080183
-0.257226
-0.304334
0.204659
0.066236
0.049960
-0.036983
0.134685
-0.157732
-0.009176
0.051111
-0.025876
-0.058414
-0.161244
-0.213859
-0.098723
-0.065284
0.401427
-0.115598
0.039107
0.040747
-0.218110
-0.268520
0.137614
0.069683
0.042314
-0.046756
0.121361
-0.157732
-0.009176
0.051111
-0.025876
-0.058414
-0.161244
-0.213859
-0.098723
-0.065284
0.401427
-0.115598
0.039107
0.040747
-0.218110
-0.268520
0.137614
0.069683
0.042314
-0.046756
0.121361
-0.157732
-0.009176
0.051111
-0.025876
-0.058414
-0.161244
-0.213859
-0.098723
-0.065284
0.401427
-0.115598
0.039107
0.040747
-0.218110
-0.268520
0.137614
0.069683
0.042314
-0.046756
0.121361
-0.157732
-0.009176
0.051111
-0.025876
-0.058414
-0.161244
-0.213859
-0.098723
-0.065284
0.401427
-0.115598
0.039107
0.040747
-0.218110
-0.268520
0.137614
0.069683
0.042314
-0.046756
0.121361
-0.157732
-0.009176
0.051111
-0.025876
-0.058414
-0.161244
-0.213859
-0.098723
-0.065284
0.401427
-0.115598
0.039107
0.040747
-0.218110
-0.268520
0.137614
0.069683
0.042314
-0.046756
0.121361
-0.157732
-0.009176
0.051111
-0.025876
-0.058414
-0.161244
-0.213859
-0.098723
-0.065284
0.401427
-0.115598
0.039107
0.040747
-0.218110
-0.268520
0.137614
0.069683
0.042314
-0.046756
0.121361
-0.157732
-0.009176
0.051111
-0.025876
-0.058414
-0.161244
-0.213859
-0.098723
-0.065284
0.401427
-0.115598
0.039107
0.040747
-0.218110
-0.268520
0.137614
0.069683
0.042314
-0.046756
0.121361
-0.157732
-0.009176
0.051111
-0.025876
-0.058414
-0.161244
-0.213859
-0.098723
-0.065284
0.401427
-0.115598
0.039107
0.040747
-0.218110
-0.268520
0.137614
0.069683
0.042314
-0.046756
0.121361
-0.157732
-0.009176
0.051111
-0.025876
-0.058414
-0.161244
-0.213859
-0.098723
-0.065284
0.401427
-0.115598
0.039107
0.040747
-0.218110
-0.268520
0.137614
0.069683
0.042314
-0.046756
0.121361
-0.157732
-0.009176
0.051111
-0.025876
-0.058414
-0.161244
-0.213859
-0.098723
-0.065284
0.401427
-0.115598
0.039107
0.040747
-0.218110
-0.268520
0.137614
0.069683
0.042314
-0.046756
0.121361
-0.157732
-0.009176
0.051111
-0.025876
-0.058414
-0.161244
-0.213859
-0.098723
-0.065284
0.401427
-0.115598
0.039107
0.040747
-0.218110
-0.268520
0.137614
0.069683
0.042314
-0.046756
0.121361
-0.157732
-0.009176
0.051111
-0.025876
-0.058414
-0.161244
-0.213859
-0.098723
-0.065284
0.401427
-0.115598
0.039107
0.040747
-0.218110
-0.268520
0.137614
0.069683
0.042314
-0.046756
0.121361
-0.157732
-0.009176
0.051111
-0.025876
-0.058414
-0.161244
-0.213859
-0.098723
-0.065284
0.401427
-0.115598
0.039107
0.040747
-0.218110
-0.268520
0.137614
0.069683
0.042314
-0.046756
0.121361
-0.122124
-0.015409
0.006540
-0.027116
-0.112692
-0.160587
-0.198940
-0.078588
-0.045959
0.369956
-0.113749
0.043361
0.090270
-0.213838
-0.220632
0.107821
0.093566
0.012424
-0.055589
0.175766
0.300143
0.130223
-0.413220
-0.275225
-0.722448
-0.062289
0.096662
0.230936
0.196831
-0.086435
0.095581
0.014801
0.626010
-0.146676
0.022359
-0.135310
0.153361
-0.385922
-0.125370
0.669980
0.365728
0.105128
0.261871
-0.445945
-1.233647
0.367153
0.236754
0.540447
0.524713
-0.903166
0.345000
-0.686479
0.673510
0.244263
0.515741
-0.520544
0.261203
-0.891892
-0.461030
1.426539
0.039718
-0.054274
1.397960
-0.512958
-1.368417
0.448200
-0.149956
0.518602
0.847391
-1.674135
0.362510
-1.524555
0.172410
0.773150
0.499349
-1.061975
-0.180795
-0.955317
-0.816499
1.620657
-0.100686
-0.554170
1.784820
1.345788
-0.463587
0.203305
-0.500271
0.199493
0.741878
-2.034113
0.100501
-1.484034
-0.609531
1.224186
0.111205
-1.396411
-0.167298
-0.436520
-0.215021
0.580439
-0.281536
-1.373003
0.501187
3.106113
0.973571
0.240571
-0.204479
-0.363121
0.621011
-1.679034
0.462108
-0.118538
-0.522372
0.865261
-0.167093
-1.112774
-0.033982
-0.372018
0.577008
-1.292130
-0.596782
-1.722227
-0.503295
2.416622
1.956469
0.501581
0.383299
-0.712037
0.313925
-1.290843
0.523641
1.522613
-0.382054
0.365044
-0.144884
-0.532334
0.301703
-0.478975
1.018490
-2.062395
-0.647330
-1.045674
-0.691621
0.560394
2.051311
0.346905
0.542706
-0.396431
0.159951
-0.897683
0.163197
1.682541
0.088008
-0.336194
-0.043650
-0.104708
0.246845
-0.251808
0.627640
-1.111084
-0.445406
-0.182181
-0.343451
-0.149063
1.252846
-0.251375
0.381577
-0.105719
-0.099898
-0.312902
-0.087320
0.712838
0.151728
-0.389602
-0.319018
0.179566
0.136624
0.190227
0.336827
-0.022507
-0.175463
0.053016
0.019703
-0.003342
0.261834
-0.241135
-0.002439
-0.070177
-0.162834
0.252989
-0.133983
0.046111
0.169643
-0.345332
-0.390133
0.331249
0.062203
0.127951
-0.009680
0.198688
-0.157732
-0.009176
0.051111
-0.025876
-0.058414
-0.161244
-0.213859
-0.098723
-0.065284
0.401427
-0.115598
0.039107
0.040747
-0.218110
-0.268520
0.137614
0.069683
0.042314
-0.046756
0.121361
-0.157732
-0.009176
0.051111
-0.025876
-0.058414
-0.161244
-0.213859
-0.098723
-0.065284
0.401427
-0.115598
0.039107
0.040747
-0.218110
-0.268520
0.137614
0.069683
0.042314
-0.046756
0.121361
-0.157732
-0.009176
0.051111
-0.025876
-0.058414
-0.161244
-0.213859
-0.098723
-0.065284
0.401427
-0.115598
0.039107
0.040747
-0.218110
-0.268520
0.137614
0.069683
0.042314
-0.046756
0.121361
-0.157732
-0.009176
0.051111
-0.025876
-0.058414
-0.161244
-0.213859
-0.098723
-0.065284
0.401427
-0.115598
0.039107
0.040747
-0.218110
-0.268520
0.137614
0.069683
0.042314
-0.046756
0.121361
-0.157732
-0.009176
0.051111
-0.025876
-0.058414
-0.161244
-0.213859
-0.098723
-0.065284
0.401427
-0.115598
0.039107
0.040747
-0.218110
-0.268520
0.137614
0.069683
0.042314
-0.046756
0.121361
-0.157732
-0.009176
0.051111
-0.025876
-0.058414
-0.161244
-0.213859
-0.098723
-0.065284
0.401427
-0.115598
0.039107
0.040747
-0.218110
-0.268520
0.137614
0.069683
0.042314
-0.046756
0.121361
-0.157732
-0.009176
0.051111
-0.025876
-0.058414
-0.161244
-0.213859
-0.098723
-0.065284
0.401427
-0.115598
0.039107
0.040747
-0.218110
-0.268520
0.137614
0.069683
0.042314
-0.046756
0.121361
-0.157732
-0.009176
0.051111
-0.025876
-0.058414
-0.161244
-0.213859
-0.098723
-0.065284
0.401427
-0.115598
0.039107
0.040747
-0.218110
-0.268520
0.137614
0.069683
0.042314
-0.046756
0.121361
-0.157732
-0.009176
0.051111
-0.025876
-0.058414
-0.161244
-0.213859
-0.098723
-0.065284
0.401427
-0.115598
0.039107
0.040747
-0.218110
-0.268520
0.137614
0.069683
0.042314
-0.046756
0.121361
-0.157732
-0.009176
0.051111
-0.025876
-0.058414
-0.161244
-0.213859
-0.098723
-0.065284
0.401427
-0.115598
0.039107
0.040747
-0.218110
-0.268520
0.137614
0.069683
0.042314
-0.046756
0.121361
-0.157732
-0.009176
0.051111
-0.025876
-0.058414
-0.161244
-0.213859
-0.098723
-0.065284
0.401427
-0.115598
0.039107
0.040747
-0.218110
-0.268520
0.137614
0.069683
0.042314
-0.046756
0.121361
-0.157732
-0.009176
0.051111
-0.025876
-0.058414
-0.161244
-0.213859
-0.098723
-0.065284
0.401427
-0.115598
0.039107
0.040747
-0.218110
-0.268520
0.137614
0.069683
0.042314
-0.046756
0.121361
-0.157732
-0.009176
0.051111
-0.025876
-0.058414
-0.161244
-0.213859
-0.098723
-0.065284
0.401427
-0.115598
0.039107
0.040747
-0.218110
-0.268520
0.137614
0.069683
0.042314
-0.046756
0.121361
-0.131506
-0.016587
0.017306
-0.023618
-0.098847
-0.161495
-0.204204
-0.084818
-0.051256
0.379038
-0.116221
0.042680
0.078099
-0.215031
-0.228080
0.113781
0.090934
0.020609
-0.054000
0.164175
0.071079
-0.028978
-0.235712
-0.048249
-0.421771
-0.134720
-0.101043
0.029546
0.066714
0.180853
-0.066638
0.040027
0.378726
-0.190823
0.059061
-0.059546
0.240234
-0.160524
-0.116630
0.506962
0.457233
0.250427
-0.132442
-0.433780
-0.907364
0.202140
0.334172
0.415808
0.236107
-0.485752
0.394407
-0.323372
0.799731
0.043944
0.364775
-0.446583
0.423689
-0.686637
-0.240066
1.086825
0.161534
0.009969
1.107403
-0.751053
-1.295562
0.432983
0.088080
0.515127
0.744669
-1.355486
0.274312
-1.160812
0.234056
0.619395
0.275936
-0.787064
-0.036658
-0.928461
-0.680177
1.549833
-0.003883
-0.307993
1.866951
0.618447
-0.668104
0.227316
-0.438767
0.434479
0.930427
-1.935555
-0.008510
-1.734684
-0.340163
1.011352
0.038226
-1.405079
-0.345746
-0.736632
-0.506843
0.897243
-0.145313
-1.207805
1.056901
2.706068
0.667475
0.108962
-0.152139
-0.248741
0.630113
-1.765018
0.252631
-0.798597
-0.545421
1.256569
-0.371469
-1.255447
-0.413151
-0.295287
0.218601
-0.724355
-0.529081
-1.780130
-0.229611
2.854037
1.932357
0.530988
0.375651
-0.551416
0.421351
-1.505453
0.534419
1.083648
-0.451430
0.675975
-0.225975
-0.754979
0.174252
-0.491688
0.984931
-2.077688
-0.751874
-1.447373
-0.819342
1.142092
2.220771
0.484156
0.734031
-0.488958
0.151281
-1.123289
0.280892
1.701211
-0.045221
-0.103141
-0.218439
-0.260121
0.136617
-0.380216
0.704982
-1.553793
-0.526653
-0.413122
-0.517188
-0.080676
1.684551
-0.069627
0.554868
-0.178062
-0.012239
-0.576810
0.002488
1.114224
0.173240
-0.460685
-0.273044
0.095363
0.149891
0.036917
0.435698
-0.385498
-0.263823
-0.023258
-0.119262
-0.037104
0.660013
-0.262394
0.198629
-0.084049
-0.203243
0.061319
-0.173679
0.203616
0.202764
-0.393420
-0.434518
0.320383
0.065751
0.226787
0.067505
0.223252
-0.154604
0.022165
0.060714
-0.021204
0.007058
-0.199205
-0.163783
-0.077003
-0.094087
0.365631
-0.103659
0.032405
0.079503
-0.256551
-0.303716
0.203503
0.066296
0.049828
-0.037152
0.134455
-0.157732
-0.009176
0.051111
-0.025876
-0.058414
-0.161244
-0.213859
-0.098723
-0.065284
0.401427
-0.115598
0.039107
0.040747
-0.218110
-0.268520
0.137614
0.069683
0.042314
-0.046756
0.121361
-0.157732
-0.009176
0.051111
-0.025876
-0.058414
-0.161244
-0.213859
-0.098723
-0.065284
0.401427
-0.115598
0.039107
0.040747
-0.218110
-0.268520
0.137614
0.069683
0.042314
-0.046756
0.121361
-0.157732
-0.009176
0.051111
-0.025876
-0.058414
-0.161244
-0.213859
-0.098723
-0.065284
0.401427
-0.115598
0.039107
0.040747
-0.218110
-0.268520
0.137614
0.069683
0.042314
-0.046756
0.121361
-0.157732
-0.009176
0.051111
-0.025876
-0.058414
-0.161244
-0.213859
-0.098723
-0.065284
0.401427
-0.115598
0.039107
0.040747
-0.218110
-0.268520
0.137614
0.069683
0.042314
-0.046756
0.121361
-0.157732
-0.009176
0.051111
-0.025876
-0.058414
-0.161244
-0.213859
-0.098723
-0.065284
0.401427
-0.115598
0.039107
0.040747
-0.218110
-0.268520
0.137614
0.069683
0.042314
-0.046756
0.121361
-0.157732
-0.009176
0.051111
-0.025876
-0.058414
-0.161244
-0.213859
-0.098723
-0.065284
0.401427
-0.115598
0.039107
0.040747
-0.218110
-0.268520
0.137614
0.069683
0.042314
-0.046756
0.121361
-0.157732
-0.009176
0.051111
-0.025876
-0.058414
-0.161244
-0.213859
-0.098723
-0.065284
0.401427
-0.115598
0.039107
0.040747
-0.218110
-0.268520
0.137614
0.069683
0.042314
-0.046756
0.121361
-0.157732
-0.009176
0.051111
-0.025876
-0.058414
-0.161244
-0.213859
-0.098723
-0.065284
0.401427
-0.115598
0.039107
0.040747
-0.218110
-0.268520
0.137614
0.069683
0.042314
-0.046756
0.121361
-0.157732
-0.009176
0.051111
-0.025876
-0.058414
-0.161244
-0.213859
-0.098723
-0.065284
0.401427
-0.115598
0.039107
0.040747
-0.218110
-0.268520
0.137614
0.069683
0.042314
-0.046756
0.121361
-0.157732
-0.009176
0.051111
-0.025876
-0.058414
-0.161244
-0.213859
-0.098723
-0.065284
0.401427
-0.115598
0.039107
0.040747
-0.218110
-0.268520
0.137614
0.069683
0.042314
-0.046756
0.121361
-0.157732
-0.009176
0.051111
-0.025876
-0.058414
-0.161244
-0.213859
-0.098723
-0.065284
0.401427
-0.115598
0.039107
0.040747
-0.218110
-0.268520
0.137614
0.069683
0.042314
-0.046756
0.121361
-0.157732
-0.009176
0.051111
-0.025876
-0.058414
-0.161244
-0.213859
-0.098723
-0.065284
0.401427
-0.115598
0.039107
0.040747
-0.218110
-0.268520
0.137614
0.069683
0.042314
-0.046756
0.121361
-0.157732
-0.009176
0.051111
-0.025876
-0.058414
-0.161244
-0.213859
-0.098723
-0.065284
0.401427
-0.115598
0.039107
0.040747
-0.218110
-0.268520
0.137614
0.069683
0.042314
-0.046756
0.121361
-0.009460
-0.011504
-0.126289
-0.057611
-0.280603
-0.152347
-0.140569
-0.007136
0.016909
0.263766
-0.091274
0.053132
0.239608
-0.199753
-0.112414
0.029389
0.138467
-0.084741
-0.077351
0.324922
0.305445
0.131723
-0.379401
-0.266286
-0.841618
0.023837
0.120866
0.249412
0.262375
-0.205652
0.175344
-0.111474
0.698204
-0.116684
0.209901
-0.208434
0.252588
-0.468197
-0.210385
0.884020
0.290128
-0.005996
0.596229
-0.646213
-1.355618
0.353990
0.153653
0.515497
0.596911
-1.209510
0.251234
-0.912764
0.580479
0.492975
0.417166
-0.648240
0.200090
-0.842183
-0.509938
1.608512
0.037923
-0.168170
1.742941
-0.035022
-0.938261
0.356895
-0.250439
0.486106
0.914974
-1.786391
0.187815
-1.696085
0.020287
0.936111
0.378699
-1.260741
-0.155998
-0.744288
-0.776959
1.483327
-0.274966
-0.909957
1.307907
1.985414
0.096686
-0.025149
-0.324879
-0.119583
0.646762
-1.856932
0.158797
-1.239461
-0.718709
1.229626
-0.391181
-1.412660
-0.217680
-0.222673
0.061368
-0.054406
-0.243663
-1.567054
0.059058
3.195696
1.578358
0.354739
0.103214
-0.579564
0.461866
-1.510049
0.352198
0.522070
-0.374237
0.613356
-0.482913
-0.928050
0.154237
-0.361755
0.788485
-1.851458
-0.693200
-1.678100
-0.768453
1.813085
2.450806
0.364677
0.655004
-0.685450
0.348891
-1.195087
0.359530
1.763820
-0.158299
0.083659
-0.416495
-0.460062
0.196625
-0.371720
0.951244
-1.968955
-0.564772
-0.744080
-0.596325
0.185636
2.006481
0.052007
0.676521
-0.305037
0.066018
-0.714918
0.038345
1.411170
0.170450
-0.496228
-0.376272
0.010602
0.131714
-0.159601
0.481734
-0.794396
-0.341863
-0.139428
-0.277148
-0.127419
1.021709
-0.303736
0.401424
-0.057175
-0.215265
-0.152357
-0.081987
0.443320
0.206960
-0.461562
-0.472077
0.235204
0.056604
0.225031
0.146576
0.134164
-0.165642
0.058838
0.040964
-0.007593
0.200537
-0.246427
-0.036384
-0.060524
-0.152595
0.276214
-0.115525
0.037029
0.156777
-0.332813
-0.376690
0.319218
0.061866
0.102048
-0.014850
0.181304
-0.157732
-0.009176
0.051111
-0.025876
-0.058414
-0.161244
-0.213859
-0.098723
-0.065284
0.401427
-0.115598
0.039107
0.040747
-0.218110
-0.268520
0.137614
0.069683
0.042314
-0.046756
0.121361
-0.157732
-0.009176
0.051111
-0.025876
-0.058414
-0.161244
-0.213859
-0.098723
-0.065284
0.401427
-0.115598
0.039107
0.040747
-0.218110
-0.268520
0.137614
0.069683
0.042314
-0.046756
0.121361
-0.157732
-0.009176
0.051111
-0.025876
-0.058414
-0.161244
-0.213859
-0.098723
-0.065284
0.401427
-0.115598
0.039107
0.040747
-0.218110
-0.268520
0.137614
0.069683
0.042314
-0.046756
0.121361
-0.157732
-0.009176
0.051111
-0.025876
-0.058414
-0.161244
-0.213859
-0.098723
-0.065284
0.401427
-0.115598
0.039107
0.040747
-0.218110
-0.268520
0.137614
0.069683
0.042314
-0.046756
0.121361
-0.157732
-0.009176
0.051111
-0.025876
-0.058414
-0.161244
-0.213859
-0.098723
-0.065284
0.401427
-0.115598
0.039107
0.040747
-0.218110
-0.268520
0.137614
0.069683
0.042314
-0.046756
0.121361
-0.157732
-0.009176
0.051111
-0.025876
-0.058414
-0.161244
-0.213859
-0.098723
-0.065284
0.401427
-0.115598
0.039107
0.040747
-0.218110
-0.268520
0.137614
0.069683
0.042314
-0.046756
0.121361
-0.157732
-0.009176
0.051111
-0.025876
-0.058414
-0.161244
-0.213859
-0.098723
-0.065284
0.401427
-0.115598
0.039107
0.040747
-0.218110
-0.268520
0.137614
0.069683
0.042314
-0.046756
0.121361
-0.157732
-0.009176
0.051111
-0.025876
-0.058414
-0.161244
-0.213859
-0.098723
-0.065284
0.401427
-0.115598
0.039107
0.040747
-0.218110
-0.268520
0.137614
0.069683
0.042314
-0.046756
0.121361
-0.157732
-0.009176
0.051111
-0.025876
-0.058414
-0.161244
-0.213859
-0.098723
-0.065284
0.401427
-0.115598
0.039107
0.040747
-0.218110
-0.268520
0.137614
0.069683
0.042314
-0.046756
0.121361
-0.157732
-0.009176
0.051111
-0.025876
-0.058414
-0.161244
-0.213859
-0.098723
-0.065284
0.401427
-0.115598
0.039107
0.040747
-0.218110
-0.268520
0.137614
0.069683
0.042314
-0.046756
0.121361
-0.157732
-0.009176
0.051111
-0.025876
-0.058414
-0.161244
-0.213859
-0.098723
-0.065284
0.401427
-0.115598
0.039107
0.040747
-0.218110
-0.268520
0.137614
0.069683
0.042314
-0.046756
0.121361
-0.157732
-0.009176
0.051111
-0.025876
-0.058414
-0.161244
-0.213859
-0.098723
-0.065284
0.401427
-0.115598
0.039107
0.040747
-0.218110
-0.268520
0.137614
0.069683
0.042314
-0.046756
0.121361
-0.157732
-0.009176
0.051111
-0.025876
-0.058414
-0.161244
-0.213859
-0.098723
-0.065284
0.401427
-0.115598
0.039107
0.040747
-0.218110
-0.268520
0.137614
0.069683
0.042314
-0.046756
0.121361
-0.106125
-0.023759
-0.015409
-0.021433
-0.137975
-0.161739
-0.194861
-0.071361
-0.037681
0.357370
-0.116825
0.046138
0.114246
-0.212052
-0.188945
0.090716
0.111499
-0.000397
-0.061011
0.205608
0.217679
0.073919
-0.319231
-0.182944
-0.595143
-0.066331
0.039389
0.154561
0.136225
0.005423
0.060622
-0.003782
0.543550
-0.154803
0.085206
-0.135602
0.233296
-0.312321
-0.131625
0.642748
0.401410
0.185680
0.126630
-0.460428
-1.128417
0.304930
0.278588
0.497119
0.392314
-0.743211
0.393749
-0.540424
0.708911
0.168209
0.489180
-0.528657
0.366251
-0.838787
-0.386705
1.286446
0.341993
0.043377
1.057668
-0.567578
-1.475336
0.430923
-0.055712
0.551719
0.949872
-1.652227
0.197067
-1.395286
0.472529
0.735866
0.490039
-1.197165
-0.041297
-1.151894
-0.759375
1.765865
-0.176177
-0.588452
1.646984
1.351800
-0.514714
0.193915
-0.537089
0.184644
1.008605
-2.046372
0.040554
-1.730244
-0.326953
1.131756
0.321073
-1.522218
-0.057686
-0.497789
-0.400193
0.934979
-0.411259
-1.424904
0.658176
3.136168
0.708120
-0.003828
-0.391657
-0.524091
0.405936
-1.769486
0.236607
-0.294897
-0.443433
0.981430
-0.161942
-1.247320
0.233199
-0.273523
0.413387
-1.123798
-0.507782
-1.471622
-0.391963
2.683273
1.943978
0.030092
0.031743
-0.826502
0.384311
-1.497808
0.541218
1.788541
-0.357341
0.153315
-0.140299
-0.634704
0.623536
-0.307708
1.267862
-2.249689
-0.508220
-1.067032
-0.656023
0.870491
2.337155
-0.006806
0.377921
-0.614237
0.370757
-0.844443
0.318204
1.997424
0.078665
-0.663361
-0.336752
-0.089520
0.502138
-0.287141
0.933313
-1.352131
-0.388754
-0.312896
-0.395609
-0.066813
1.358125
-0.287714
0.440882
-0.125639
-0.106003
-0.291725
0.013858
0.777807
0.193339
-0.583702
-0.481517
0.157282
0.150903
0.139927
0.302261
-0.083204
-0.191916
0.035586
-0.018066
-0.022670
0.386686
-0.287519
0.088812
-0.035057
-0.203115
0.181929
-0.101878
0.079303
0.198215
-0.400504
-0.439350
0.347180
0.051707
0.144329
0.000650
0.209709
-0.155811
0.010068
0.057007
-0.023007
-0.018212
-0.184553
-0.183111
-0.085386
-0.082970
0.379447
-0.108267
0.034992
0.064545
-0.241714
-0.290132
0.178072
0.067603
0.046928
-0.040859
0.129401
-0.157732
-0.009176
0.051111
-0.025876
-0.058414
-0.161244
-0.213859
-0.098723
-0.065284
0.401427
-0.115598
0.039107
0.040747
-0.218110
-0.268520
0.137614
0.069683
0.042314
-0.046756
0.121361
-0.157732
-0.009176
0.051111
-0.025876
-0.058414
-0.161244
-0.213859
-0.098723
-0.065284
0.401427
-0.115598
0.039107
0.040747
-0.218110
-0.268520
0.137614
0.069683
0.042314
-0.046756
0.121361
-0.157732
-0.009176
0.051111
-0.025876
-0.058414
-0.161244
-0.213859
-0.098723
-0.065284
0.401427
-0.115598
0.039107
0.040747
-0.218110
-0.268520
0.137614
0.069683
0.042314
-0.046756
0.121361
-0.157732
-0.009176
0.051111
-0.025876
-0.058414
-0.161244
-0.213859
-0.098723
-0.065284
0.401427
-0.115598
0.039107
0.040747
-0.218110
-0.268520
0.137614
0.069683
0.042314
-0.046756
0.121361
-0.157732
-0.009176
0.051111
-0.025876
-0.058414
-0.161244
-0.213859
-0.098723
-0.065284
0.401427
-0.115598
0.039107
0.040747
-0.218110
-0.268520
0.137614
0.069683
0.042314
-0.046756
0.121361
-0.157732
-0.009176
0.051111
-0.025876
-0.058414
-0.161244
-0.213859
-0.098723
-0.065284
0.401427
-0.115598
0.039107
0.040747
-0.218110
-0.268520
0.137614
0.069683
0.042314
-0.046756
0.121361
-0.157732
-0.009176
0.051111
-0.025876
-0.058414
-0.161244
-0.213859
-0.098723
-0.065284
0.401427
-0.115598
0.039107
0.040747
-0.218110
-0.268520
0.137614
0.069683
0.042314
-0.046756
0.121361
-0.157732
-0.009176
0.051111
-0.025876
-0.058414
-0.161244
-0.213859
-0.098723
-0.065284
0.401427
-0.115598
0.039107
0.040747
-0.218110
-0.268520
0.137614
0.069683
0.042314
-0.046756
0.121361
-0.157732
-0.009176
0.051111
-0.025876
-0.058414
-0.161244
-0.213859
-0.098723
-0.065284
0.401427
-0.115598
0.039107
0.040747
-0.218110
-0.268520
0.137614
0.069683
0.042314
-0.046756
0.121361
-0.157732
-0.009176
0.051111
-0.025876
-0.058414
-0.161244
-0.213859
-0.098723
-0.065284
0.401427
-0.115598
0.039107
0.040747
-0.218110
-0.268520
0.137614
0.069683
0.042314
-0.046756
0.121361
-0.157732
-0.009176
0.051111
-0.025876
-0.058414
-0.161244
-0.213859
-0.098723
-0.065284
0.401427
-0.115598
0.039107
0.040747
-0.218110
-0.268520
0.137614
0.069683
0.042314
-0.046756
0.121361
-0.157732
-0.009176
0.051111
-0.025876
-0.058414
-0.161244
-0.213859
-0.098723
-0.065284
0.401427
-0.115598
0.039107
0.040747
-0.218110
-0.268520
0.137614
0.069683
0.042314
-0.046756
0.121361
-0.157732
-0.009176
0.051111
-0.025876
-0.058414
-0.161244
-0.213859
-0.098723
-0.065284
0.401427
-0.115598
0.039107
0.040747
-0.218110
-0.268520
0.137614
0.069683
0.042314
-0.046756
0.121361
0.014987
0.019884
-0.144525
-0.098571
-0.312100
-0.142596
-0.113465
0.018380
0.032780
0.232171
-0.064905
0.050484
0.262513
-0.195962
-0.144900
0.032836
0.108576
-0.109176
-0.074078
0.327582
0.407089
0.176644
-0.163339
-0.396381
-0.872087
0.131577
0.246906
0.404181
0.297674
-0.419052
0.244310
-0.250806
0.699115
0.017285
0.165168
-0.309531
0.187736
-0.618542
-0.215668
0.940185
0.301520
-0.078345
0.826743
-0.681279
-1.358661
0.486563
0.251009
0.643636
0.776157
-1.401707
0.331785
-1.147245
0.494222
0.612014
0.431505
-0.786189
-0.059129
-0.982491
-0.680271
1.725853
0.312145
-0.265543
1.390332
0.119620
-1.303842
0.534432
0.065604
0.750014
1.043213
-2.288789
0.335985
-1.870243
0.281686
1.190019
0.480873
-1.596285
-0.225652
-1.109426
-0.793540
1.716433
-0.377722
-1.069600
1.138403
2.513447
-0.245833
0.347480
-0.322785
-0.070155
0.860769
-2.311351
0.363323
-1.354859
-0.506849
1.327163
0.391442
-1.559569
-0.017087
-0.587760
-0.186371
0.157667
-0.648694
-1.522582
0.078535
3.300580
1.011720
0.275174
-0.508334
-0.866678
0.502703
-1.938809
0.530711
0.792704
-0.496158
0.505968
0.440613
-1.099716
0.638411
-0.528638
0.862702
-1.835198
-0.467038
-1.317286
-0.445980
2.108212
2.018576
0.132101
-0.174414
-0.981962
0.317493
-1.347091
0.457754
2.356852
-0.229627
-0.242569
0.436292
-0.415222
0.927795
-0.196885
1.269813
-1.833731
-0.474562
-0.613488
-0.446872
0.457883
1.873531
-0.251133
0.009124
-0.385865
0.311462
-0.647156
0.300922
1.748188
0.040192
-0.636905
0.002313
0.043652
0.684041
-0.067416
1.008396
-0.755925
-0.262063
-0.041608
-0.093956
0.008664
0.668997
-0.327743
0.083758
-0.056017
-0.116820
0.032605
-0.032093
0.341797
0.180481
-0.452303
-0.377666
0.322629
0.161226
0.124916
0.197285
0.093232
-0.153993
0.032497
0.062994
-0.019431
0.031981
-0.211800
-0.145309
-0.070098
-0.104292
0.352472
-0.100462
0.030551
0.093192
-0.270118
-0.316228
0.226329
0.065166
0.053546
-0.033669
0.139672
-0.157732
-0.009176
0.051111
-0.025876
-0.058414
-0.161244
-0.213859
-0.098723
-0.065284
0.401427
-0.115598
0.039107
0.040747
-0.218110
-0.268520
0.137614
0.069683
0.042314
-0.046756
0.121361
-0.157732
-0.009176
0.051111
-0.025876
-0.058414
-0.161244
-0.213859
-0.098723
-0.065284
0.401427
-0.115598
0.039107
0.040747
-0.218110
-0.268520
0.137614
0.069683
0.042314
-0.046756
0.121361
-0.157732
-0.009176
0.051111
-0.025876
-0.058414
-0.161244
-0.213859
-0.098723
-0.065284
0.401427
-0.115598
0.039107
0.040747
-0.218110
-0.268520
0.137614
0.069683
0.042314
-0.046756
0.121361
-0.157732
-0.009176
0.051111
-0.025876
-0.058414
-0.161244
-0.213859
-0.098723
-0.065284
0.401427
-0.115598
0.039107
0.040747
-0.218110
-0.268520
0.137614
0.069683
0.042314
-0.046756
0.121361
-0.157732
-0.009176
0.051111
-0.025876
-0.058414
-0.161244
-0.213859
-0.098723
-0.065284
0.401427
-0.115598
0.039107
0.040747
-0.218110
-0.268520
0.137614
0.069683
0.042314
-0.046756
0.121361
-0.157732
-0.009176
0.051111
-0.025876
-0.058414
-0.161244
-0.213859
-0.098723
-0.065284
0.401427
-0.115598
0.039107
0.040747
-0.218110
-0.268520
0.137614
0.069683
0.042314
-0.046756
0.121361
-0.157732
-0.009176
0.051111
-0.025876
-0.058414
-0.161244
-0.213859
-0.098723
-0.065284
0.401427
-0.115598
0.039107
0.040747
-0.218110
-0.268520
0.137614
0.069683
0.042314
-0.046756
0.121361
-0.157732
-0.009176
0.051111
-0.025876
-0.058414
-0.161244
-0.213859
-0.098723
-0.065284
0.401427
-0.115598
0.039107
0.040747
-0.218110
-0.268520
0.137614
0.069683
0.042314
-0.046756
0.121361
-0.157732
-0.009176
0.051111
-0.025876
-0.058414
-0.161244
-0.213859
-0.098723
-0.065284
0.401427
-0.115598
0.039107
0.040747
-0.218110
-0.268520
0.137614
0.069683
0.042314
-0.046756
0.121361
-0.157732
-0.009176
0.051111
-0.025876
-0.058414
-0.161244
-0.213859
-0.098723
-0.065284
0.401427
-0.115598
0.039107
0.040747
-0.218110
-0.268520
0.137614
0.069683
0.042314
-0.046756
0.121361
-0.157732
-0.009176
0.051111
-0.025876
-0.058414
-0.161244
-0.213859
-0.098723
-0.065284
0.401427
-0.115598
0.039107
0.040747
-0.218110
-0.268520
0.137614
0.069683
0.042314
-0.046756
0.121361
-0.157732
-0.009176
0.051111
-0.025876
-0.058414
-0.161244
-0.213859
-0.098723
-0.065284
0.401427
-0.115598
0.039107
0.040747
-0.218110
-0.268520
0.137614
0.069683
0.042314
-0.046756
0.121361
-0.157732
-0.009176
0.051111
-0.025876
-0.058414
-0.161244
-0.213859
-0.098723
-0.065284
0.401427
-0.115598
0.039107
0.040747
-0.218110
-0.268520
0.137614
0.069683
0.042314
-0.046756
0.121361
-0.157732
-0.009176
0.051111
-0.025876
-0.058414
-0.161244
-0.213859
-0.098723
-0.065284
0.401427
-0.115598
0.039107
0.040747
-0.218110
-0.268520
0.137614
0.069683
0.042314
-0.046756
0.121361
0.147829
0.123559
-0.114607
-0.229210
-0.380837
-0.068910
0.029164
0.153275
0.051986
0.085070
0.048528
0.000962
0.348745
-0.138151
-0.175886
-0.044005
0.080606
-0.250071
-0.060343
0.365618
0.514696
0.137486
0.300354
-0.642030
-0.881282
0.341934
0.429869
0.609459
0.486716
-0.799142
0.269512
-0.601687
0.618840
0.301902
0.027678
-0.505380
-0.077807
-0.848550
-0.327287
1.136342
0.364599
-0.184482
1.117547
-0.504841
-0.996551
0.689258
0.417747
0.830471
1.020031
-1.676097
0.255457
-1.702636
0.438763
0.963763
0.135105
-1.222813
-0.501710
-1.193169
-0.871141
1.712651
-0.098524
-0.670705
1.501852
0.988953
-0.510419
0.665579
0.380348
0.686970
0.855332
-2.539374
0.335899
-2.157925
-0.189108
1.606260
-0.164192
-1.696758
-0.660629
-0.947689
-0.584944
0.850190
-0.527819
-1.565534
1.038221
2.915941
0.435612
0.602663
0.064653
-0.047447
0.715118
-2.554545
0.490474
-0.597843
-0.696932
1.173065
0.159710
-1.342130
-0.342699
-0.797802
-0.008906
-0.957233
-0.633954
-1.774700
-0.244662
2.921737
1.642795
0.438693
0.045639
-0.704058
0.448982
-2.084944
0.797934
1.463431
-0.563128
0.286548
0.501842
-0.904251
0.336891
-0.704999
0.995987
-1.949393
-0.541834
-1.219518
-0.553535
1.397236
2.112214
0.423444
0.250861
-0.648889
0.144024
-1.266111
0.618075
2.083472
-0.056065
-0.075996
0.624177
-0.083591
0.658612
-0.201290
1.055104
-1.290472
-0.630013
-0.319832
-0.393940
0.205004
1.410164
0.061772
0.032933
-0.214398
0.133485
-0.586309
-0.042426
1.158055
0.024100
-0.223343
0.256929
0.171233
0.473141
0.127543
0.775665
-0.336606
-0.246537
0.003954
-0.006138
-0.001124
0.263732
-0.166810
-0.134576
-0.101004
-0.047271
0.209190
-0.138508
0.201950
0.079707
-0.257224
-0.222187
0.231060
0.139693
0.079762
0.114896
0.083136
-0.157677
-0.008626
0.051279
-0.025794
-0.057266
-0.161910
-0.212980
-0.098342
-0.065789
0.400799
-0.115388
0.038990
0.041427
-0.218784
-0.269137
0.138770
0.069624
0.042446
-0.046588
0.121591
-0.157732
-0.009176
0.051111
-0.025876
-0.058414
-0.161244
-0.213859
-0.098723
-0.065284
0.401427
-0.115598
0.039107
0.040747
-0.218110
-0.268520
0.137614
0.069683
0.042314
-0.046756
0.121361
-0.157732
-0.009176
0.051111
-0.025876
-0.058414
-0.161244
-0.213859
-0.098723
-0.065284
0.401427
-0.115598
0.039107
0.040747
-0.218110
-0.268520
0.137614
0.069683
0.042314
-0.046756
0.121361
-0.157732
-0.009176
0.051111
-0.025876
-0.058414
-0.161244
-0.213859
-0.098723
-0.065284
0.401427
-0.115598
0.039107
0.040747
-0.218110
-0.268520
0.137614
0.069683
0.042314
-0.046756
0.121361
-0.157732
-0.009176
0.051111
-0.025876
-0.058414
-0.161244
-0.213859
-0.098723
-0.065284
0.401427
-0.115598
0.039107
0.040747
-0.218110
-0.268520
0.137614
0.069683
0.042314
-0.046756
0.121361
-0.157732
-0.009176
0.051111
-0.025876
-0.058414
-0.161244
-0.213859
-0.098723
-0.065284
0.401427
-0.115598
0.039107
0.040747
-0.218110
-0.268520
0.137614
0.069683
0.042314
-0.046756
0.121361
-0.157732
-0.009176
0.051111
-0.025876
-0.058414
-0.161244
-0.213859
-0.098723
-0.065284
0.401427
-0.115598
0.039107
0.040747
-0.218110
-0.268520
0.137614
0.069683
0.042314
-0.046756
0.121361
-0.157732
-0.009176
0.051111
-0.025876
-0.058414
-0.161244
-0.213859
-0.098723
-0.065284
0.401427
-0.115598
0.039107
0.040747
-0.218110
-0.268520
0.137614
0.069683
0.042314
-0.046756
0.121361
-0.157732
-0.009176
0.051111
-0.025876
-0.058414
-0.161244
-0.213859
-0.098723
-0.065284
0.401427
-0.115598
0.039107
0.040747
-0.218110
-0.268520
0.137614
0.069683
0.042314
-0.046756
0.121361
-0.157732
-0.009176
0.051111
-0.025876
-0.058414
-0.161244
-0.213859
-0.098723
-0.065284
0.401427
-0.115598
0.039107
0.040747
-0.218110
-0.268520
0.137614
0.069683
0.042314
-0.046756
0.121361
-0.157732
-0.009176
0.051111
-0.025876
-0.058414
-0.161244
-0.213859
-0.098723
-0.065284
0.401427
-0.115598
0.039107
0.040747
-0.218110
-0.268520
0.137614
0.069683
0.042314
-0.046756
0.121361
-0.157732
-0.009176
0.051111
-0.025876
-0.058414
-0.161244
-0.213859
-0.098723
-0.065284
0.401427
-0.115598
0.039107
0.040747
-0.218110
-0.268520
0.137614
0.069683
0.042314
-0.046756
0.121361
-0.157732
-0.009176
0.051111
-0.025876
-0.058414
-0.161244
-0.213859
-0.098723
-0.065284
0.401427
-0.115598
0.039107
0.040747
-0.218110
-0.268520
0.137614
0.069683
0.042314
-0.046756
0.121361
-0.157732
-0.009176
0.051111
-0.025876
-0.058414
-0.161244
-0.213859
-0.098723
-0.065284
0.401427
-0.115598
0.039107
0.040747
-0.218110
-0.268520
0.137614
0.069683
0.042314
-0.046756
0.121361
-0.157732
-0.009176
0.051111
-0.025876
-0.058414
-0.161244
-0.213859
-0.098723
-0.065284
0.401427
-0.115598
0.039107
0.040747
-0.218110
-0.268520
0.137614
0.069683
0.042314
-0.046756
0.121361
0.096213
0.132887
0.193498
-0.362619
-0.168045
-0.015194
0.085158
0.159396
0.010015
0.040942
0.052790
-0.117678
0.187651
-0.027473
-0.439058
-0.006927
-0.068098
-0.184361
-0.016074
0.249080
0.412004
0.086533
0.870265
-0.861922
-0.240138
0.379200
0.527486
0.646622
0.523710
-0.780881
0.059112
-0.853070
0.225381
0.582359
-0.888837
-0.428849
-0.732027
-0.667584
-0.291318
0.702395
0.209102
-0.417817
1.389178
-0.166019
0.017355
0.721588
0.858536
1.083495
0.989283
-1.664427
0.093449
-1.960140
-0.054063
1.262342
-1.084437
-1.124054
-1.454081
-1.016038
-0.685018
0.777869
-0.291108
-1.389552
1.289847
1.499500
0.749252
1.028365
1.140450
0.692295
0.645738
-2.171385
0.187932
-2.102309
-0.458473
1.704909
-1.052527
-1.466553
-1.669271
-0.990135
-0.664768
-0.117296
-0.724435
-2.046413
0.168103
2.381544
1.749584
1.202415
1.372172
0.173493
0.208682
-2.206286
0.705892
-0.254023
-0.554170
1.223842
-0.308114
-1.145577
-0.946678
-0.687811
-0.034452
-1.344286
-0.922534
-1.950563
-0.790786
1.909084
2.290878
0.975547
1.241421
-0.293679
-0.177036
-1.863863
0.413355
1.324333
-0.407193
0.477826
-0.063963
-0.461120
-0.089518
-0.460239
0.656492
-1.627057
-0.711206
-0.872047
-0.739166
0.506746
2.078149
0.430382
0.695393
-0.250962
0.053714
-1.138350
0.182505
1.498498
0.156807
-0.124880
0.186825
0.032839
0.145200
-0.141013
0.639973
-0.969487
-0.451712
-0.127782
-0.240594
-0.010324
1.221826
-0.083896
0.251183
-0.280496
-0.007000
-0.266356
-0.309058
0.719613
0.148077
-0.123330
-0.107867
0.245619
0.155158
0.227795
0.384993
-0.077974
-0.209261
-0.010175
0.010619
-0.029423
0.160702
-0.161326
-0.138730
-0.134704
-0.058855
0.299769
-0.175126
0.136935
0.058290
-0.201833
-0.253012
0.168368
0.088855
0.093183
0.030360
0.117175
-0.157732
-0.009176
0.051111
-0.025876
-0.058414
-0.161244
-0.213859
-0.098723
-0.065284
0.401427
-0.115598
0.039107
0.040747
-0.218110
-0.268520
0.137614
0.069683
0.042314
-0.046756
0.121361
-0.157732
-0.009176
0.051111
-0.025876
-0.058414
-0.161244
-0.213859
-0.098723
-0.065284
0.401427
-0.115598
0.039107
0.040747
-0.218110
-0.268520
0.137614
0.069683
0.042314
-0.046756
0.121361
-0.157732
-0.009176
0.051111
-0.025876
-0.058414
-0.161244
-0.213859
-0.098723
-0.065284
0.401427
-0.115598
0.039107
0.040747
-0.218110
-0.268520
0.137614
0.069683
0.042314
-0.046756
0.121361
-0.157732
-0.009176
0.051111
-0.025876
-0.058414
-0.161244
-0.213859
-0.098723
-0.065284
0.401427
-0.115598
0.039107
0.040747
-0.218110
-0.268520
0.137614
0.069683
0.042314
-0.046756
0.121361
-0.157732
-0.009176
0.051111
-0.025876
-0.058414
-0.161244
-0.213859
-0.098723
-0.065284
0.401427
-0.115598
0.039107
0.040747
-0.218110
-0.268520
0.137614
0.069683
0.042314
-0.046756
0.121361
-0.157732
-0.009176
0.051111
-0.025876
-0.058414
-0.161244
-0.213859
-0.098723
-0.065284
0.401427
-0.115598
0.039107
0.040747
-0.218110
-0.268520
0.137614
0.069683
0.042314
-0.046756
0.121361
-0.157732
-0.009176
0.051111
-0.025876
-0.058414
-0.161244
-0.213859
-0.098723
-0.065284
0.401427
-0.115598
0.039107
0.040747
-0.218110
-0.268520
0.137614
0.069683
0.042314
-0.046756
0.121361
-0.157732
-0.009176
0.051111
-0.025876
-0.058414
-0.161244
-0.213859
-0.098723
-0.065284
0.401427
-0.115598
0.039107
0.040747
-0.218110
-0.268520
0.137614
0.069683
0.042314
-0.046756
0.121361
-0.157732
-0.009176
0.051111
-0.025876
-0.058414
-0.161244
-0.213859
-0.098723
-0.065284
0.401427
-0.115598
0.039107
0.040747
-0.218110
-0.268520
0.137614
0.069683
0.042314
-0.046756
0.121361
