-0.157732
-0.009176
0.051111
-0.025876
-0.058414
-0.161244
-0.213859
-0.098723
-0.065284
0.401427
-0.115598
0.039107
0.040747
-0.218110
-0.268520
0.137614
0.069683
0.042314
-0.046756
0.121361
-0.157732
-0.009176
0.051111
-0.025876
-0.058414
-0.161244
-0.213859
-0.098723
-0.065284
0.401427
-0.115598
0.039107
0.040747
-0.218110
-0.268520
0.137614
0.069683
0.042314
-0.046756
0.121361
-0.157732
-0.009176
0.051111
-0.025876
-0.058414
-0.161244
-0.213859
-0.098723
-0.065284
0.401427
-0.115598
0.039107
0.040747
-0.218110
-0.268520
0.137614
0.069683
0.042314
-0.046756
0.121361
-0.157732
-0.009176
0.051111
-0.025876
-0.058414
-0.161244
-0.213859
-0.098723
-0.065284
0.401427
-0.115598
0.039107
0.040747
-0.218110
-0.268520
0.137614
0.069683
0.042314
-0.046756
0.121361
-0.157732
-0.009176
0.051111
-0.025876
-0.058414
-0.161244
-0.213859
-0.098723
-0.065284
0.401427
-0.115598
0.039107
0.040747
-0.218110
-0.268520
0.137614
0.069683
0.042314
-0.046756
0.121361
-0.157732
-0.009176
0.051111
-0.025876
-0.058414
-0.161244
-0.213859
-0.098723
-0.065284
0.401427
-0.115598
0.039107
0.040747
-0.218110
-0.268520
0.137614
0.069683
0.042314
-0.046756
0.121361
-0.157732
-0.009176
0.051111
-0.025876
-0.058414
-0.161244
-0.213859
-0.098723
-0.065284
0.401427
-0.115598
0.039107
0.040747
-0.218110
-0.268520
0.137614
0.069683
0.042314
-0.046756
0.121361
-0.157732
-0.009176
0.051111
-0.025876
-0.058414
-0.161244
-0.213859
-0.098723
-0.065284
0.401427
-0.115598
0.039107
0.040747
-0.218110
-0.268520
0.137614
0.069683
0.042314
-0.046756
0.121361
-0.157732
-0.009176
0.051111
-0.025876
-0.058414
-0.161244
-0.213859
-0.098723
-0.065284
0.401427
-0.115598
0.039107
0.040747
-0.218110
-0.268520
0.137614
0.069683
0.042314
-0.046756
0.121361
-0.157732
-0.009176
0.051111
-0.025876
-0.058414
-0.161244
-0.213859
-0.098723
-0.065284
0.401427
-0.115598
0.039107
0.040747
-0.218110
-0.268520
0.137614
0.069683
0.042314
-0.046756
0.121361
-0.157732
-0.009176
0.051111
-0.025876
-0.058414
-0.161244
-0.213859
-0.098723
-0.065284
0.401427
-0.115598
0.039107
0.040747
-0.218110
-0.268520
0.137614
0.069683
0.042314
-0.046756
0.121361
-0.157732
-0.009176
0.051111
-0.025876
-0.058414
-0.161244
-0.213859
-0.098723
-0.065284
0.401427
-0.115598
0.039107
0.040747
-0.218110
-0.268520
0.137614
0.069683
0.042314
-0.046756
0.121361
-0.157732
-0.009176
0.051111
-0.025876
-0.058414
-0.161244
-0.213859
-0.098723
-0.065284
0.401427
-0.115598
0.039107
0.040747
-0.218110
-0.268520
0.137614
0.069683
0.042314
-0.046756
0.121361
-0.157732
-0.009176
0.051111
-0.025876
-0.058414
-0.161244
-0.213859
-0.098723
-0.065284
0.401427
-0.115598
0.039107
0.040747
-0.218110
-0.268520
0.137614
0.069683
0.042314
-0.046756
0.121361
-0.157732
-0.009176
0.051111
-0.025876
-0.058414
-0.161244
-0.213859
-0.098723
-0.065284
0.401427
-0.115598
0.039107
0.040747
-0.218110
-0.268520
0.137614
0.069683
0.042314
-0.046756
0.121361
-0.157732
-0.009176
0.051111
-0.025876
-0.058414
-0.161244
-0.213859
-0.098723
-0.065284
0.401427
-0.115598
0.039107
0.040747
-0.218110
-0.268520
0.137614
0.069683
0.042314
-0.046756
0.121361
-0.157732
-0.009176
0.051111
-0.025876
-0.058414
-0.161244
-0.213859
-0.098723
-0.065284
0.401427
-0.115598
0.039107
0.040747
-0.218110
-0.268520
0.137614
0.069683
0.042314
-0.046756
0.121361
-0.157732
-0.009176
0.051111
-0.025876
-0.058414
-0.161244
-0.213859
-0.098723
-0.065284
0.401427
-0.115598
0.039107
0.040747
-0.218110
-0.268520
0.137614
0.069683
0.042314
-0.046756
0.121361
-0.157732
-0.009176
0.051111
-0.025876
-0.058414
-0.161244
-0.213859
-0.098723
-0.065284
0.401427
-0.115598
0.039107
0.040747
-0.218110
-0.268520
0.137614
0.069683
0.042314
-0.046756
0.121361
-0.157732
-0.009176
0.051111
-0.025876
-0.058414
-0.161244
-0.213859
-0.098723
-0.065284
0.401427
-0.115598
0.039107
0.040747
-0.218110
-0.268520
0.137614
0.069683
0.042314
-0.046756
0.121361
-0.157732
-0.009176
0.051111
-0.025876
-0.058414
-0.161244
-0.213859
-0.098723
-0.065284
0.401427
-0.115598
0.039107
0.040747
-0.218110
-0.268520
0.137614
0.069683
0.042314
-0.046756
0.121361
-0.157732
-0.009176
0.051111
-0.025876
-0.058414
-0.161244
-0.213859
-0.098723
-0.065284
0.401427
-0.115598
0.039107
0.040747
-0.218110
-0.268520
0.137614
0.069683
0.042314
-0.046756
0.121361
-0.157732
-0.009176
0.051111
-0.025876
-0.058414
-0.161244
-0.213859
-0.098723
-0.065284
0.401427
-0.115598
0.039107
0.040747
-0.218110
-0.268520
0.137614
0.069683
0.042314
-0.046756
0.121361
-0.157732
-0.009176
0.051111
-0.025876
-0.058414
-0.161244
-0.213859
-0.098723
-0.065284
0.401427
-0.115598
0.039107
0.040747
-0.218110
-0.268520
0.137614
0.069683
0.042314
-0.046756
0.121361
-0.157732
-0.009176
0.051111
-0.025876
-0.058414
-0.161244
-0.213859
-0.098723
-0.065284
0.401427
-0.115598
0.039107
0.040747
-0.218110
-0.268520
0.137614
0.069683
0.042314
-0.046756
0.121361
-0.157732
-0.009176
0.051111
-0.025876
-0.058414
-0.161244
-0.213859
-0.098723
-0.065284
0.401427
-0.115598
0.039107
0.040747
-0.218110
-0.268520
0.137614
0.069683
0.042314
-0.046756
0.121361
-0.157732
-0.009176
0.051111
-0.025876
-0.058414
-0.161244
-0.213859
-0.098723
-0.065284
0.401427
-0.115598
0.039107
0.040747
-0.218110
-0.268520
0.137614
0.069683
0.042314
-0.046756
0.121361
-0.157732
-0.009176
0.051111
-0.025876
-0.058414
-0.161244
-0.213859
-0.098723
-0.065284
0.401427
-0.115598
0.039107
0.040747
-0.218110
-0.268520
0.137614
0.069683
0.042314
-0.046756
0.121361
-0.157732
-0.009176
0.051111
-0.025876
-0.058414
-0.161244
-0.213859
-0.098723
-0.065284
0.401427
-0.115598
0.039107
0.040747
-0.218110
-0.268520
0.137614
0.069683
0.042314
-0.046756
0.121361
-0.157732
-0.009176
0.051111
-0.025876
-0.058414
-0.161244
-0.213859
-0.098723
-0.065284
0.401427
-0.115598
0.039107
0.040747
-0.218110
-0.268520
0.137614
0.069683
0.042314
-0.046756
0.121361
-0.157732
-0.009176
0.051111
-0.025876
-0.058414
-0.161244
-0.213859
-0.098723
-0.065284
0.401427
-0.115598
0.039107
0.040747
-0.218110
-0.268520
0.137614
0.069683
0.042314
-0.046756
0.121361
-0.157732
-0.009176
0.051111
-0.025876
-0.058414
-0.161244
-0.213859
-0.098723
-0.065284
0.401427
-0.115598
0.039107
0.040747
-0.218110
-0.268520
0.137614
0.069683
0.042314
-0.046756
0.121361
-0.157732
-0.009176
0.051111
-0.025876
-0.058414
-0.161244
-0.213859
-0.098723
-0.065284
0.401427
-0.115598
0.039107
0.040747
-0.218110
-0.268520
0.137614
0.069683
0.042314
-0.046756
0.121361
-0.157732
-0.009176
0.051111
-0.025876
-0.058414
-0.161244
-0.213859
-0.098723
-0.065284
0.401427
-0.115598
0.039107
0.040747
-0.218110
-0.268520
0.137614
0.069683
0.042314
-0.046756
0.121361
-0.157732
-0.009176
0.051111
-0.025876
-0.058414
-0.161244
-0.213859
-0.098723
-0.065284
0.401427
-0.115598
0.039107
0.040747
-0.218110
-0.268520
0.137614
0.069683
0.042314
-0.046756
0.121361
-0.157732
-0.009176
0.051111
-0.025876
-0.058414
-0.161244
-0.213859
-0.098723
-0.065284
0.401427
-0.115598
0.039107
0.040747
-0.218110
-0.268520
0.137614
0.069683
0.042314
-0.046756
0.121361
-0.157732
-0.009176
0.051111
-0.025876
-0.058414
-0.161244
-0.213859
-0.098723
-0.065284
0.401427
-0.115598
0.039107
0.040747
-0.218110
-0.268520
0.137614
0.069683
0.042314
-0.046756
0.121361
-0.157732
-0.009176
0.051111
-0.025876
-0.058414
-0.161244
-0.213859
-0.098723
-0.065284
0.401427
-0.115598
0.039107
0.040747
-0.218110
-0.268520
0.137614
0.069683
0.042314
-0.046756
0.121361
-0.157732
-0.009176
0.051111
-0.025876
-0.058414
-0.161244
-0.213859
-0.098723
-0.065284
0.401427
-0.115598
0.039107
0.040747
-0.218110
-0.268520
0.137614
0.069683
0.042314
-0.046756
0.121361
-0.157732
-0.009176
0.051111
-0.025876
-0.058414
-0.161244
-0.213859
-0.098723
-0.065284
0.401427
-0.115598
0.039107
0.040747
-0.218110
-0.268520
0.137614
0.069683
0.042314
-0.046756
0.121361
-0.157732
-0.009176
0.051111
-0.025876
-0.058414
-0.161244
-0.213859
-0.098723
-0.065284
0.401427
-0.115598
0.039107
0.040747
-0.218110
-0.268520
0.137614
0.069683
0.042314
-0.046756
0.121361
-0.157732
-0.009176
0.051111
-0.025876
-0.058414
-0.161244
-0.213859
-0.098723
-0.065284
0.401427
-0.115598
0.039107
0.040747
-0.218110
-0.268520
0.137614
0.069683
0.042314
-0.046756
0.121361
-0.157732
-0.009176
0.051111
-0.025876
-0.058414
-0.161244
-0.213859
-0.098723
-0.065284
0.401427
-0.115598
0.039107
0.040747
-0.218110
-0.268520
0.137614
0.069683
0.042314
-0.046756
0.121361
-0.157732
-0.009176
0.051111
-0.025876
-0.058414
-0.161244
-0.213859
-0.098723
-0.065284
0.401427
-0.115598
0.039107
0.040747
-0.218110
-0.268520
0.137614
0.069683
0.042314
-0.046756
0.121361
-0.157732
-0.009176
0.051111
-0.025876
-0.058414
-0.161244
-0.213859
-0.098723
-0.065284
0.401427
-0.115598
0.039107
0.040747
-0.218110
-0.268520
0.137614
0.069683
0.042314
-0.046756
0.121361
-0.157732
-0.009176
0.051111
-0.025876
-0.058414
-0.161244
-0.213859
-0.098723
-0.065284
0.401427
-0.115598
0.039107
0.040747
-0.218110
-0.268520
0.137614
0.069683
0.042314
-0.046756
0.121361
-0.157732
-0.009176
0.051111
-0.025876
-0.058414
-0.161244
-0.213859
-0.098723
-0.065284
0.401427
-0.115598
0.039107
0.040747
-0.218110
-0.268520
0.137614
0.069683
0.042314
-0.046756
0.121361
-0.157732
-0.009176
0.051111
-0.025876
-0.058414
-0.161244
-0.213859
-0.098723
-0.065284
0.401427
-0.115598
0.039107
0.040747
-0.218110
-0.268520
0.137614
0.069683
0.042314
-0.046756
0.121361
-0.157732
-0.009176
0.051111
-0.025876
-0.058414
-0.161244
-0.213859
-0.098723
-0.065284
0.401427
-0.115598
0.039107
0.040747
-0.218110
-0.268520
0.137614
0.069683
0.042314
-0.046756
0.121361
-0.157732
-0.009176
0.051111
-0.025876
-0.058414
-0.161244
-0.213859
-0.098723
-0.065284
0.401427
-0.115598
0.039107
0.040747
-0.218110
-0.268520
0.137614
0.069683
0.042314
-0.046756
0.121361
-0.157732
-0.009176
0.051111
-0.025876
-0.058414
-0.161244
-0.213859
-0.098723
-0.065284
0.401427
-0.115598
0.039107
0.040747
-0.218110
-0.268520
0.137614
0.069683
0.042314
-0.046756
0.121361
-0.157732
-0.009176
0.051111
-0.025876
-0.058414
-0.161244
-0.213859
-0.098723
-0.065284
0.401427
-0.115598
0.039107
0.040747
-0.218110
-0.268520
0.137614
0.069683
0.042314
-0.046756
0.121361
-0.157732
-0.009176
0.051111
-0.025876
-0.058414
-0.161244
-0.213859
-0.098723
-0.065284
0.401427
-0.115598
0.039107
0.040747
-0.218110
-0.268520
0.137614
0.069683
0.042314
-0.046756
0.121361
-0.157732
-0.009176
0.051111
-0.025876
-0.058414
-0.161244
-0.213859
-0.098723
-0.065284
0.401427
-0.115598
0.039107
0.040747
-0.218110
-0.268520
0.137614
0.069683
0.042314
-0.046756
0.121361
-0.157732
-0.009176
0.051111
-0.025876
-0.058414
-0.161244
-0.213859
-0.098723
-0.065284
0.401427
-0.115598
0.039107
0.040747
-0.218110
-0.268520
0.137614
0.069683
0.042314
-0.046756
0.121361
-0.157732
-0.009176
0.051111
-0.025876
-0.058414
-0.161244
-0.213859
-0.098723
-0.065284
0.401427
-0.115598
0.039107
0.040747
-0.218110
-0.268520
0.137614
0.069683
0.042314
-0.046756
0.121361
-0.157732
-0.009176
0.051111
-0.025876
-0.058414
-0.161244
-0.213859
-0.098723
-0.065284
0.401427
-0.115598
0.039107
0.040747
-0.218110
-0.268520
0.137614
0.069683
0.042314
-0.046756
0.121361
-0.157732
-0.009176
0.051111
-0.025876
-0.058414
-0.161244
-0.213859
-0.098723
-0.065284
0.401427
-0.115598
0.039107
0.040747
-0.218110
-0.268520
0.137614
0.069683
0.042314
-0.046756
0.121361
-0.157732
-0.009176
0.051111
-0.025876
-0.058414
-0.161244
-0.213859
-0.098723
-0.065284
0.401427
-0.115598
0.039107
0.040747
-0.218110
-0.268520
0.137614
0.069683
0.042314
-0.046756
0.121361
-0.157732
-0.009176
0.051111
-0.025876
-0.058414
-0.161244
-0.213859
-0.098723
-0.065284
0.401427
-0.115598
0.039107
0.040747
-0.218110
-0.268520
0.137614
0.069683
0.042314
-0.046756
0.121361
-0.157732
-0.009176
0.051111
-0.025876
-0.058414
-0.161244
-0.213859
-0.098723
-0.065284
0.401427
-0.115598
0.039107
0.040747
-0.218110
-0.268520
0.137614
0.069683
0.042314
-0.046756
0.121361
-0.157732
-0.009176
0.051111
-0.025876
-0.058414
-0.161244
-0.213859
-0.098723
-0.065284
0.401427
-0.115598
0.039107
0.040747
-0.218110
-0.268520
0.137614
0.069683
0.042314
-0.046756
0.121361
-0.157732
-0.009176
0.051111
-0.025876
-0.058414
-0.161244
-0.213859
-0.098723
-0.065284
0.401427
-0.115598
0.039107
0.040747
-0.218110
-0.268520
0.137614
0.069683
0.042314
-0.046756
0.121361
-0.157732
-0.009176
0.051111
-0.025876
-0.058414
-0.161244
-0.213859
-0.098723
-0.065284
0.401427
-0.115598
0.039107
0.040747
-0.218110
-0.268520
0.137614
0.069683
0.042314
-0.046756
0.121361
-0.157732
-0.009176
0.051111
-0.025876
-0.058414
-0.161244
-0.213859
-0.098723
-0.065284
0.401427
-0.115598
0.039107
0.040747
-0.218110
-0.268520
0.137614
0.069683
0.042314
-0.046756
0.121361
-0.157732
-0.009176
0.051111
-0.025876
-0.058414
-0.161244
-0.213859
-0.098723
-0.065284
0.401427
-0.115598
0.039107
0.040747
-0.218110
-0.268520
0.137614
0.069683
0.042314
-0.046756
0.121361
-0.157732
-0.009176
0.051111
-0.025876
-0.058414
-0.161244
-0.213859
-0.098723
-0.065284
0.401427
-0.115598
0.039107
0.040747
-0.218110
-0.268520
0.137614
0.069683
0.042314
-0.046756
0.121361
-0.157732
-0.009176
0.051111
-0.025876
-0.058414
-0.161244
-0.213859
-0.098723
-0.065284
0.401427
-0.115598
0.039107
0.040747
-0.218110
-0.268520
0.137614
0.069683
0.042314
-0.046756
0.121361
-0.157732
-0.009176
0.051111
-0.025876
-0.058414
-0.161244
-0.213859
-0.098723
-0.065284
0.401427
-0.115598
0.039107
0.040747
-0.218110
-0.268520
0.137614
0.069683
0.042314
-0.046756
0.121361
-0.157732
-0.009176
0.051111
-0.025876
-0.058414
-0.161244
-0.213859
-0.098723
-0.065284
0.401427
-0.115598
0.039107
0.040747
-0.218110
-0.268520
0.137614
0.069683
0.042314
-0.046756
0.121361
-0.157732
-0.009176
0.051111
-0.025876
-0.058414
-0.161244
-0.213859
-0.098723
-0.065284
0.401427
-0.115598
0.039107
0.040747
-0.218110
-0.268520
0.137614
0.069683
0.042314
-0.046756
0.121361
-0.157732
-0.009176
0.051111
-0.025876
-0.058414
-0.161244
-0.213859
-0.098723
-0.065284
0.401427
-0.115598
0.039107
0.040747
-0.218110
-0.268520
0.137614
0.069683
0.042314
-0.046756
0.121361
-0.157732
-0.009176
0.051111
-0.025876
-0.058414
-0.161244
-0.213859
-0.098723
-0.065284
0.401427
-0.115598
0.039107
0.040747
-0.218110
-0.268520
0.137614
0.069683
0.042314
-0.046756
0.121361
-0.157732
-0.009176
0.051111
-0.025876
-0.058414
-0.161244
-0.213859
-0.098723
-0.065284
0.401427
-0.115598
0.039107
0.040747
-0.218110
-0.268520
0.137614
0.069683
0.042314
-0.046756
0.121361
-0.086667
-0.029258
-0.040490
-0.019757
-0.167974
-0.161925
-0.187698
-0.061045
-0.027274
0.340759
-0.117287
0.048790
0.141959
-0.209767
-0.158941
0.073034
0.127265
-0.016501
-0.066386
0.237374
-0.021954
-0.066048
-0.170768
0.027075
-0.334212
-0.126331
-0.156223
-0.056225
0.031456
0.255564
-0.072274
0.003562
0.318356
-0.209557
0.126074
-0.043675
0.314878
-0.089130
-0.140802
0.517479
-0.139479
-0.076302
-0.135171
0.032701
-0.460855
-0.153278
-0.265662
-0.178440
-0.022360
0.222366
-0.039395
-0.047826
0.321170
-0.193699
0.326433
-0.103208
0.586208
-0.023338
-0.193094
0.671445
-0.159273
0.043236
-0.025563
0.105301
-0.614887
-0.385580
-0.553823
-0.313417
-0.045618
0.140891
-0.144850
0.093528
0.250887
-0.259884
0.359453
-0.127810
0.839138
0.103222
-0.071225
0.579890
-0.061601
0.163515
0.167449
0.341741
-0.438498
-0.631090
-0.825078
-0.507120
0.080697
0.240337
-0.143423
0.314963
0.139146
-0.449642
0.201173
-0.057003
0.931914
0.194568
0.148199
0.295355
0.013777
0.097346
0.234860
0.348739
-0.281221
-0.743544
-0.865240
-0.557602
0.148209
0.380962
-0.086980
0.475039
0.055926
-0.467482
-0.066372
-0.002228
0.819954
0.154263
0.264797
0.049556
0.037160
0.112849
0.230081
0.342492
-0.109713
-0.632467
-0.727102
-0.459958
0.158920
0.431496
-0.089566
0.421330
0.031680
-0.476713
-0.199824
0.074867
0.569643
0.129423
0.252638
-0.037014
-0.011548
-0.002244
0.164994
0.185385
-0.031591
-0.471026
-0.513350
-0.340826
0.103346
0.490201
-0.042472
0.320328
0.023412
-0.363206
-0.308705
0.105721
0.341956
0.053400
0.157304
-0.029917
-0.078151
0.010475
0.099231
0.084186
-0.032110
-0.291912
-0.339307
-0.194448
0.019336
0.436349
-0.091385
0.162014
0.038423
-0.296085
-0.288547
0.129951
0.170025
0.046965
0.048480
0.048734
-0.126811
-0.027017
0.065371
0.005850
-0.034407
-0.204725
-0.247012
-0.138282
-0.028344
0.434275
-0.085141
0.086972
0.040813
-0.237947
-0.288450
0.133966
0.099411
0.029576
-0.015583
0.093727
-0.157732
-0.009176
0.051111
-0.025876
-0.058414
-0.161244
-0.213859
-0.098723
-0.065284
0.401427
-0.115598
0.039107
0.040747
-0.218110
-0.268520
0.137614
0.069683
0.042314
-0.046756
0.121361
-0.157732
-0.009176
0.051111
-0.025876
-0.058414
-0.161244
-0.213859
-0.098723
-0.065284
0.401427
-0.115598
0.039107
0.040747
-0.218110
-0.268520
0.137614
0.069683
0.042314
-0.046756
0.121361
-0.157732
-0.009176
0.051111
-0.025876
-0.058414
-0.161244
-0.213859
-0.098723
-0.065284
0.401427
-0.115598
0.039107
0.040747
-0.218110
-0.268520
0.137614
0.069683
0.042314
-0.046756
0.121361
-0.157732
-0.009176
0.051111
-0.025876
-0.058414
-0.161244
-0.213859
-0.098723
-0.065284
0.401427
-0.115598
0.039107
0.040747
-0.218110
-0.268520
0.137614
0.069683
0.042314
-0.046756
0.121361
-0.157732
-0.009176
0.051111
-0.025876
-0.058414
-0.161244
-0.213859
-0.098723
-0.065284
0.401427
-0.115598
0.039107
0.040747
-0.218110
-0.268520
0.137614
0.069683
0.042314
-0.046756
0.121361
-0.157732
-0.009176
0.051111
-0.025876
-0.058414
-0.161244
-0.213859
-0.098723
-0.065284
0.401427
-0.115598
0.039107
0.040747
-0.218110
-0.268520
0.137614
0.069683
0.042314
-0.046756
0.121361
-0.157732
-0.009176
0.051111
-0.025876
-0.058414
-0.161244
-0.213859
-0.098723
-0.065284
0.401427
-0.115598
0.039107
0.040747
-0.218110
-0.268520
0.137614
0.069683
0.042314
-0.046756
0.121361
-0.157732
-0.009176
0.051111
-0.025876
-0.058414
-0.161244
-0.213859
-0.098723
-0.065284
0.401427
-0.115598
0.039107
0.040747
-0.218110
-0.268520
0.137614
0.069683
0.042314
-0.046756
0.121361
-0.157732
-0.009176
0.051111
-0.025876
-0.058414
-0.161244
-0.213859
-0.098723
-0.065284
0.401427
-0.115598
0.039107
0.040747
-0.218110
-0.268520
0.137614
0.069683
0.042314
-0.046756
0.121361
-0.157732
-0.009176
0.051111
-0.025876
-0.058414
-0.161244
-0.213859
-0.098723
-0.065284
0.401427
-0.115598
0.039107
0.040747
-0.218110
-0.268520
0.137614
0.069683
0.042314
-0.046756
0.121361
-0.157732
-0.009176
0.051111
-0.025876
-0.058414
-0.161244
-0.213859
-0.098723
-0.065284
0.401427
-0.115598
0.039107
0.040747
-0.218110
-0.268520
0.137614
0.069683
0.042314
-0.046756
0.121361
-0.157732
-0.009176
0.051111
-0.025876
-0.058414
-0.161244
-0.213859
-0.098723
-0.065284
0.401427
-0.115598
0.039107
0.040747
-0.218110
-0.268520
0.137614
0.069683
0.042314
-0.046756
0.121361
-0.157732
-0.009176
0.051111
-0.025876
-0.058414
-0.161244
-0.213859
-0.098723
-0.065284
0.401427
-0.115598
0.039107
0.040747
-0.218110
-0.268520
0.137614
0.069683
0.042314
-0.046756
0.121361
-0.157732
-0.009176
0.051111
-0.025876
-0.058414
-0.161244
-0.213859
-0.098723
-0.065284
0.401427
-0.115598
0.039107
0.040747
-0.218110
-0.268520
0.137614
0.069683
0.042314
-0.046756
0.121361
0.126961
0.017601
-0.278677
-0.121947
-0.479980
-0.136014
-0.058365
0.087373
0.094813
0.128358
-0.046905
0.061157
0.412854
-0.182112
-0.026049
-0.049246
0.161201
-0.205069
-0.097320
0.481819
0.171595
0.026135
-0.335733
-0.114966
-0.941353
0.056322
-0.014451
0.160049
0.339716
-0.222259
0.140995
-0.220387
0.667471
-0.131150
0.455481
-0.211465
0.362171
-0.452283
-0.333598
1.079914
-0.140822
-0.037624
-0.020298
-0.038278
-1.574998
-0.042239
-0.522076
0.032504
0.374986
-0.620300
0.142634
-0.454705
0.528607
0.006784
0.972502
-0.425721
0.700462
-0.487068
-0.516598
1.366542
-0.017799
0.258636
0.200946
0.598445
-1.856306
-0.386111
-1.197657
-0.264006
0.443497
-0.931591
0.192193
-0.164122
0.444351
-0.195601
1.462068
-0.560364
1.182391
-0.284639
-0.186690
1.233006
0.058581
0.004430
0.358117
1.224574
-1.545868
-0.594826
-1.685577
-0.686536
0.583866
-0.730930
0.431267
0.450544
0.188659
-0.335702
1.647828
-0.542948
1.762373
-0.179374
0.302888
0.881701
0.013790
-0.023214
0.173757
1.249289
-1.227967
-0.631281
-1.755293
-0.762249
0.558318
-0.550332
0.492289
0.733142
0.190591
-0.518790
1.591086
-0.519909
1.948683
-0.093567
0.551409
0.606400
0.008792
-0.040860
0.185144
1.143914
-0.910523
-0.703952
-1.609488
-0.837571
0.405004
-0.242322
0.326255
0.852757
0.095774
-0.530604
1.235467
-0.357594
1.943109
0.081860
0.610484
0.432643
0.049855
0.031092
0.086635
0.876213
-0.714593
-0.809679
-1.449845
-0.764646
0.408353
-0.039864
0.170495
0.839615
0.190183
-0.640273
0.857390
-0.298642
1.739499
0.081660
0.575321
0.298934
0.158969
0.064397
0.096874
0.718464
-0.602196
-0.858783
-1.192344
-0.737279
0.352989
0.153182
0.057342
0.720074
0.257223
-0.597529
0.569885
-0.226862
1.512550
0.097936
0.428229
0.351751
0.127152
0.043717
0.065235
0.539784
-0.582450
-0.820811
-1.041474
-0.667063
0.322461
0.217820
0.017147
0.576104
0.307500
-0.555923
0.456259
-0.221341
1.353092
0.057830
0.290011
0.413840
0.118816
0.084195
0.074250
0.476449
-0.622003
-0.803480
-0.959485
-0.632629
0.248937
0.213379
-0.044259
0.475478
0.320676
-0.506422
0.431811
-0.212193
1.273394
0.089044
0.203132
0.477179
0.118816
0.084195
0.074250
0.476449
-0.622003
-0.803480
-0.959485
-0.632629
0.248937
0.213379
-0.044259
0.475478
0.320676
-0.506422
0.431811
-0.212193
1.273394
0.089044
0.203132
0.477179
0.118816
0.084195
0.074250
0.476449
-0.622003
-0.803480
-0.959485
-0.632629
0.248937
0.213379
-0.044259
0.475478
0.320676
-0.506422
0.431811
-0.212193
1.273394
0.089044
0.203132
0.477179
0.118816
0.084195
0.074250
0.476449
-0.622003
-0.803480
-0.959485
-0.632629
0.248937
0.213379
-0.044259
0.475478
0.320676
-0.506422
0.431811
-0.212193
1.273394
0.089044
0.203132
0.477179
0.095127
0.090889
0.104784
0.474409
-0.585483
-0.803253
-0.968206
-0.645188
0.236267
0.233602
-0.043695
0.472251
0.286938
-0.509203
0.395285
-0.190667
1.254200
0.108649
0.209675
0.438509
0.002209
0.123314
0.240174
0.452656
-0.420076
-0.814433
-1.004962
-0.684623
0.178529
0.322910
-0.057003
0.477606
0.126526
-0.517649
0.190266
-0.086927
1.133852
0.191907
0.254187
0.228667
0.010876
0.153930
0.314683
0.406729
-0.264092
-0.841517
-0.987396
-0.630452
0.155937
0.390089
-0.113974
0.544837
-0.002428
-0.519100
-0.109529
0.018772
0.882975
0.214372
0.336811
-0.047613
0.101070
0.125125
0.264017
0.393929
-0.064812
-0.719138
-0.790419
-0.495296
0.211018
0.465415
-0.088440
0.518417
0.010035
-0.520579
-0.284899
0.089920
0.563940
0.125350
0.330769
-0.143218
0.028795
-0.022092
0.153626
0.206541
0.035153
-0.450639
-0.471807
-0.328565
0.142454
0.527906
-0.010123
0.327439
0.037544
-0.376658
-0.343583
0.118102
0.283435
0.019547
0.162968
-0.047513
-0.113068
-0.034947
0.071708
0.019950
-0.023737
-0.224050
-0.261747
-0.155863
-0.011926
0.448874
-0.071605
0.108246
0.040843
-0.246763
-0.297308
0.132345
0.112623
0.023915
-0.001728
0.081445
-0.157732
-0.009176
0.051111
-0.025876
-0.058414
-0.161244
-0.213859
-0.098723
-0.065284
0.401427
-0.115598
0.039107
0.040747
-0.218110
-0.268520
0.137614
0.069683
0.042314
-0.046756
0.121361
-0.157732
-0.009176
0.051111
-0.025876
-0.058414
-0.161244
-0.213859
-0.098723
-0.065284
0.401427
-0.115598
0.039107
0.040747
-0.218110
-0.268520
0.137614
0.069683
0.042314
-0.046756
0.121361
-0.157732
-0.009176
0.051111
-0.025876
-0.058414
-0.161244
-0.213859
-0.098723
-0.065284
0.401427
-0.115598
0.039107
0.040747
-0.218110
-0.268520
0.137614
0.069683
0.042314
-0.046756
0.121361
-0.157732
-0.009176
0.051111
-0.025876
-0.058414
-0.161244
-0.213859
-0.098723
-0.065284
0.401427
-0.115598
0.039107
0.040747
-0.218110
-0.268520
0.137614
0.069683
0.042314
-0.046756
0.121361
0.242624
0.250066
-0.126270
-0.387127
-0.459501
-0.015467
0.146700
0.260641
0.090441
-0.036579
0.160645
-0.027237
0.413809
-0.108700
-0.301987
-0.046562
-0.023558
-0.351175
-0.041320
0.355627
0.300942
0.192426
0.410651
-0.446935
-1.007525
0.370981
0.228557
0.632058
0.522907
-0.714408
0.339459
-0.577373
0.344459
0.154438
0.128632
-0.334254
-0.193355
-0.940043
-0.426134
0.906703
0.065841
0.090827
0.763816
-0.096714
-1.524327
0.545454
-0.121454
0.665494
0.733320
-1.282619
0.657466
-1.112406
0.136408
0.278600
0.803220
-0.759138
-0.370145
-1.264826
-0.736234
1.133400
0.122058
-0.153206
0.869657
0.892752
-1.762681
0.702925
-0.457558
0.443785
0.496800
-1.778761
0.835744
-0.781766
-0.119697
0.663471
1.517733
-0.881107
0.077157
-1.171152
-0.375537
0.918334
-0.052660
-0.414144
0.583712
1.490312
-1.540380
0.837650
-0.964492
0.235841
0.886096
-2.064772
0.944818
-0.040092
-0.094391
0.614651
2.260906
-0.836001
0.521486
-1.193817
0.132936
0.547958
-0.184259
-0.490671
0.341840
1.497142
-1.508090
0.694681
-1.191754
0.043205
0.953745
-2.051759
0.888719
0.299859
-0.004765
0.667860
2.540493
-0.864242
0.946299
-1.134209
0.392029
0.558079
-0.277731
-0.363156
0.250750
1.451545
-1.646090
0.482457
-1.430315
-0.146335
0.878427
-1.890002
0.772469
0.385405
0.129184
0.465044
2.698330
-0.762640
1.259847
-0.835754
0.343572
0.753383
-0.248105
-0.152458
0.200521
1.324465
-1.676486
0.101529
-1.680822
-0.361348
0.826163
-1.626344
0.744187
0.580430
0.113077
0.168772
2.481517
-0.725542
1.649481
-0.600754
0.541329
0.763742
-0.060148
-0.036109
0.195773
1.286965
-1.803252
-0.168071
-1.787931
-0.424362
0.828654
-1.411295
0.694589
0.641325
0.191618
-0.133749
2.173740
-0.638070
1.789165
-0.481585
0.543375
0.813222
0.056853
0.033168
0.202510
1.247195
-1.786870
-0.336340
-1.822647
-0.463399
0.951950
-1.248556
0.704805
0.596959
0.259100
-0.344754
1.982504
-0.647002
1.794505
-0.511737
0.517162
0.873706
0.093422
-0.002009
0.228925
1.194027
-1.864070
-0.385062
-1.759526
-0.489026
0.872024
-1.145181
0.727766
0.482884
0.286283
-0.332072
1.866121
-0.641314
1.756490
-0.494804
0.391065
0.961477
0.087722
0.053103
0.241419
1.214244
-1.889234
-0.396886
-1.790608
-0.482954
0.859026
-1.184722
0.681926
0.478610
0.279449
-0.352670
1.887583
-0.636575
1.770720
-0.460894
0.401753
0.956810
0.095852
0.044354
0.276765
1.236392
-1.840862
-0.433476
-1.823857
-0.522313
0.878661
-1.142511
0.704643
0.517455
0.251595
-0.370268
1.836835
-0.621509
1.774634
-0.456360
0.434192
0.898850
0.125548
0.041598
0.253039
1.230246
-1.859173
-0.439404
-1.811249
-0.498032
0.889465
-1.155731
0.693531
0.533602
0.269548
-0.366770
1.828752
-0.629414
1.755186
-0.475763
0.440924
0.897233
0.101617
0.006047
0.265709
1.283041
-1.794148
-0.413375
-1.806887
-0.520140
0.885329
-1.110285
0.692149
0.508067
0.259134
-0.376915
1.876110
-0.627329
1.768290
-0.461030
0.419871
0.918883
-0.157017
-0.090604
0.461290
1.371879
-1.433548
-0.454041
-1.925926
-0.709881
0.673805
-0.819564
0.604487
0.518929
-0.015090
-0.389415
1.772533
-0.520334
1.806416
-0.214483
0.448795
0.671372
-0.232238
0.012187
0.496178
1.319219
-0.859973
-0.626027
-1.911199
-0.856502
0.358441
-0.394806
0.462365
0.804250
-0.255417
-0.497454
1.236127
-0.294208
1.704269
0.142880
0.714814
0.068607
-0.008886
0.031151
0.332578
1.117567
-0.303770
-0.688293
-1.551455
-0.754315
0.314203
0.014578
0.279333
1.103855
-0.270303
-0.596067
0.501945
-0.037886
1.377231
0.206660
0.921283
-0.360873
0.043437
-0.061080
0.144755
0.658876
0.081159
-0.496027
-0.959623
-0.474901
0.380580
0.348994
0.178107
0.816484
-0.086538
-0.602011
-0.024681
0.084372
0.770272
0.012863
0.636846
-0.320395
-0.078791
-0.106245
0.068941
0.134251
0.050659
-0.280353
-0.404017
-0.234049
0.120841
0.478910
0.038994
0.288015
0.021859
-0.332530
-0.276327
0.116509
0.249121
-0.030333
0.146183
-0.029918
-0.157732
-0.009176
0.051111
-0.025876
-0.058414
-0.161244
-0.213859
-0.098723
-0.065284
0.401427
-0.115598
0.039107
0.040747
-0.218110
-0.268520
0.137614
0.069683
0.042314
-0.046756
0.121361
-0.157732
-0.009176
0.051111
-0.025876
-0.058414
-0.161244
-0.213859
-0.098723
-0.065284
0.401427
-0.115598
0.039107
0.040747
-0.218110
-0.268520
0.137614
0.069683
0.042314
-0.046756
0.121361
