3.263629
0.000000
0.000000
0.000000
0.000000
0.233275
0.000000
0.000000
0.981098
0.000000
0.000000
0.324382
0.000000
0.146336
3.810291
3.835907
0.000000
0.325218
0.064425
3.340908
0.000000
0.000000
0.000000
0.000000
0.000000
0.000000
0.000000
0.000000
1.910702
0.000000
4.481414
0.000000
0.920776
0.000000
0.000000
1.814490
1.826126
0.000000
2.205496
0.000000
3.527302
0.000000
0.000000
2.180349
0.881443
1.993493
0.000000
0.022584
0.078978
0.000000
0.000000
0.000000
0.113152
0.000000
0.292731
0.000000
0.000000
0.599359
0.000000
0.000000
4.925221
0.027899
0.070916
0.000000
0.000000
0.000000
0.000000
0.000000
0.461429
0.000000
0.000000
0.985866
1.020841
0.136166
0.000000
0.544457
0.000000
0.000000
0.000000
0.000000
0.000000
0.000000
0.000000
3.475841
0.178474
1.039388
0.000000
0.205682
0.898635
0.000000
0.000000
0.291663
0.000000
0.000000
0.789305
0.989740
0.000000
0.000000
0.000000
2.066892
0.000000
0.000000
0.000000
0.000000
0.000000
0.000000
0.000000
0.024499
0.496824
0.000000
0.000000
1.291645
0.000000
1.581483
0.537395
0.000000
0.000000
3.206607
0.000000
0.136347
1.072512
0.000000
0.000000
0.000000
0.000000
0.000000
0.000000
0.041060
0.000000
0.304153
0.000000
0.000000
0.562194
0.000000
0.000000
0.000000
0.000000
0.395627
0.550695
0.171797
0.000000
0.000000
0.000000
0.146837
0.668794
0.000000
1.085671
1.055553
0.965942
0.000000
0.000000
3.065262
2.335061
0.280310
0.058253
2.854211
0.000000
0.000000
0.000000
0.000000
0.000000
1.174734
0.000000
0.000000
0.888263
0.000000
0.109319
0.000000
1.325359
0.000000
0.000000
0.000000
0.041271
0.000000
0.000000
0.235614
0.000000
0.288067
0.000000
0.000000
1.756140
2.063788
0.000000
0.000000
0.013342
2.228932
1.659958
0.000000
0.552961
0.000000
0.000000
0.000000
0.000000
0.239048
0.687039
0.000000
0.000000
0.656389
0.000000
0.000000
0.000000
0.000000
0.000000
0.000000
4.338100
0.000000
1.587114
0.000000
0.000000
0.000000
0.000000
0.000000
0.000000
0.000000
0.000000
0.000000
0.847855
0.002868
2.767469
0.035849
0.000000
0.000000
0.000000
1.146579
0.000000
0.000000
0.000000
2.541800
0.471531
0.000000
0.000000
0.432144
0.000000
0.000000
0.802132
0.518350
0.000000
0.164694
0.000000
0.009861
1.396992
0.289819
0.000000
0.000000
0.000000
0.000000
0.049540
0.182353
0.000000
0.000000
