0.259687
-0.307934
-0.126459
-0.660322
-2.800319
1.864506
-1.942918
-0.058231
-1.989073
2.856771
-2.276658
-0.490427
1.415343
1.772644
3.262211
1.886678
2.370060
1.991561
0.950229
-0.407644
-1.938576
-2.840405
-1.677167
-1.095981
3.806261
-0.298485
2.619351
-0.024146
0.738034
-1.002168
1.953296
-2.926861
-0.803524
2.704084
-1.122357
0.411933
-0.178967
-0.100793
1.100621
1.461410
-3.431452
-2.424176
-0.199207
-0.044450
0.008969
0.039627
-5.606353
0.748615
-2.159983
-0.745488
0.202798
-1.647467
0.582662
-0.467570
-4.573530
2.869989
-2.744040
0.550900
-1.025948
1.293849
-2.108305
-0.444928
1.248402
0.148547
5.165428
2.581622
2.172843
1.822214
1.841366
-0.946401
-0.305219
-2.778763
-1.300725
-1.900924
4.110494
-1.312902
3.911201
-1.239084
1.385567
-1.745795
4.153172
-3.834732
-0.913400
3.224161
-1.694389
-0.411940
1.003699
-0.443576
2.311405
0.907083
-3.817060
-2.646608
-1.174374
0.181766
-1.688705
0.640520
-7.387471
1.095952
-2.711338
-0.771960
0.374738
-2.454042
-0.388232
-0.319583
-4.979958
3.107599
-2.937320
0.109137
-1.058161
-0.633419
-2.616661
0.172285
-0.086714
-1.478536
6.356186
2.619715
0.395332
1.015182
2.435631
-1.857847
-0.618203
-2.818734
-0.598103
-2.828807
3.486438
-1.389030
4.045402
-2.483510
1.168434
-2.079777
5.217320
-4.602739
-1.856756
3.097461
-1.500778
-0.287694
0.261638
-0.115840
2.632664
0.517098
-3.812671
-2.197525
-1.486874
0.484062
-2.102343
2.026520
-9.553669
0.208949
-2.756020
-0.906685
0.383262
-2.348948
-0.681778
-0.507316
-4.536364
3.527830
-2.714707
-0.454576
-1.648030
-1.875749
-2.611321
0.387971
-0.461508
-1.540118
6.572382
2.637472
-1.179214
0.602147
2.749616
-2.026817
-1.741236
-3.296650
-0.483571
-3.448656
2.407949
-1.099581
3.338028
-2.556575
0.358860
-2.443251
5.191044
-4.934094
-2.195397
2.655225
-0.879502
-0.438468
-0.638409
0.065734
2.330413
0.960875
-3.974238
-1.766823
-1.568975
0.604129
-1.338628
3.301982
-10.948016
-0.083579
-2.649470
-1.116377
0.193146
-2.272677
-0.571272
-0.734625
-4.321849
3.661068
-2.601321
-0.804317
-1.498443
-2.909184
-1.654442
0.400055
-0.247238
-1.303536
6.254848
2.892568
-1.939056
0.745816
2.191153
-2.061701
-2.060237
-3.948953
-1.019647
-3.773902
1.890550
-1.002251
2.613551
-2.603866
0.354698
-2.911880
4.652978
-4.704597
-2.383959
2.448853
-0.932094
-0.805528
-0.862584
0.165610
2.053686
1.346849
-4.217429
-1.372193
-2.397478
0.572473
-1.365166
4.004847
-11.076757
0.147179
-2.569723
-0.974785
0.285679
-2.334345
-0.221911
-0.441520
-3.819577
3.243017
-2.266335
-1.338497
-1.668640
-3.780205
-1.416304
0.366780
-0.844363
-1.087746
6.122920
2.805293
-1.813377
1.205992
1.839025
-1.569477
-1.936146
-4.366048
-0.955023
-3.812555
1.530330
-0.911574
1.761862
-2.246851
0.802083
-2.545094
4.288333
-3.659713
-2.083530
2.422668
-0.927115
-1.787619
-0.995471
1.199431
1.195594
1.732150
-5.022409
-1.643306
-1.873291
0.231023
-1.382684
4.601326
-10.160941
-0.209123
-2.122779
-0.138277
0.123446
-2.157497
0.417756
-0.941649
-3.477490
2.459660
-1.929010
-0.523790
-2.124823
-4.129967
-0.158251
0.634417
0.199365
-2.084784
4.719752
1.974331
-2.655180
1.323162
1.534737
-0.843745
-1.917359
-2.038026
0.202299
-3.423007
-0.070238
0.486052
0.845506
-0.376177
1.034194
-1.800768
2.929896
-3.481273
-0.128591
1.664081
-0.041388
-1.432508
-0.102789
-0.208180
2.058237
1.989664
-3.893524
-2.377037
-0.612773
-0.694850
-2.174944
5.053724
-9.350292
0.231831
-0.531798
-0.854213
-0.473602
-2.402818
0.247282
-0.538937
-2.990092
1.852274
-1.369542
1.388917
-0.608597
-2.973124
1.031413
0.249856
2.220507
-3.634909
2.293577
1.332177
-3.704617
1.818356
1.155743
0.188295
-0.501552
-1.020239
0.282269
-3.051922
-0.700384
0.807176
-0.781865
-0.208467
-0.888783
-1.653496
1.308897
-3.029876
-0.115624
0.543600
0.665749
0.864337
0.565058
-1.492398
3.044755
2.425694
-1.605530
-0.439714
-1.119666
-0.305555
-2.367661
4.630559
-7.632984
1.761921
-0.355274
-0.856205
-0.304434
0.631100
-0.324568
0.735650
-4.808223
1.005927
0.513036
-0.161345
-1.198472
4.952490
-3.875901
-1.364104
0.761203
2.821608
-2.567378
-0.068313
2.934920
1.971696
-0.053681
0.887538
0.279057
-1.280540
-0.794898
1.447001
-0.863562
-0.371142
-0.663203
0.427915
-1.525493
1.684453
-3.533857
-2.102285
-0.379151
0.001321
-2.043456
0.414948
-2.147704
-0.090117
-0.172379
-0.430078
-1.922129
-0.980391
-0.007853
-1.582900
0.257932
-7.558711
4.415167
2.042753
-0.101011
1.257785
-0.870200
-0.426277
0.272057
0.753425
-5.552309
0.943844
-0.659802
0.531807
-0.166319
6.510613
-4.479956
-0.641954
-0.862763
3.495056
-2.315529
-0.383295
6.015100
0.659970
0.404710
0.756141
0.391118
-1.351350
-1.120181
2.170031
0.691897
-1.843487
0.958902
-0.436564
-1.332316
2.587926
-2.094980
-2.922709
-2.098658
1.836199
-2.928827
0.006506
-0.411587
-1.106817
0.130683
-1.375541
-1.992304
-1.211871
0.262486
-1.633371
-1.484346
-9.914560
4.931055
1.323730
-1.083539
0.296288
-0.741124
-0.387131
-0.941720
0.115659
-6.174337
0.750228
-1.677974
0.454392
-0.194669
7.117666
-6.038516
-0.143966
-1.275757
2.088578
-1.433408
-0.884253
7.850570
0.447445
0.214932
-0.819939
-1.070240
-1.675916
-1.097382
2.450985
2.414864
-1.769046
1.693597
-0.846346
-1.105092
2.821514
0.297939
-4.032544
-3.540284
3.103425
-3.481693
-0.320153
0.535642
-1.420354
0.802040
-1.860232
-2.311490
-1.445705
0.762582
-1.106601
-2.148666
-11.009171
4.079556
0.720041
-1.424967
-0.540685
-0.478352
-0.022782
-1.259153
-0.429069
-7.614086
1.303473
-2.371320
-0.005620
-0.084819
6.573987
-6.612825
-0.591949
-1.046311
0.622181
-0.737651
-0.662800
7.557484
0.443647
-0.143677
-1.886052
-1.336475
-2.421048
-1.194730
2.097508
3.115406
-1.546975
1.853003
-0.975078
-1.011891
2.195762
1.685481
-5.014674
-3.939107
3.785182
-3.534555
-1.008161
0.493194
-1.529116
1.083772
-2.004900
-2.302266
-1.724991
0.259328
-0.539174
-2.294361
-10.750466
2.532141
0.694804
-1.444880
-0.730688
-0.254976
-0.738285
-1.413486
-0.023840
-8.664614
1.716943
-2.220618
-0.563286
0.412171
5.058298
-7.035742
-1.091726
-2.450361
0.359257
0.029056
-0.175604
6.708032
0.545961
-0.368702
-2.516950
-1.088655
-4.088999
-1.486899
1.667031
3.446590
-1.941206
1.463381
-2.404403
-0.713627
1.810011
1.858266
-5.012813
-4.650742
4.139649
-3.842041
-1.424870
-0.501793
-0.867417
0.604138
-2.107655
-2.827244
-2.096987
-0.333669
0.104574
-2.430945
-10.176447
0.809173
-0.047373
-1.837447
0.449550
0.372223
-0.474712
-1.404286
0.601224
-7.701859
1.686391
-2.507228
-1.116976
-1.330680
3.092452
-7.137179
-0.815020
-2.645563
1.455517
0.970447
-0.482164
6.911504
0.109033
-0.069988
-1.910018
-2.065656
-4.577979
-1.085521
1.329763
3.958787
-1.587956
1.563339
-1.337535
-0.467440
2.900481
2.061288
-4.821540
-3.753459
4.812692
-3.342695
-1.727240
-1.401928
0.505599
0.369381
-1.217623
-3.995425
-3.096779
1.358746
-1.115863
-0.792383
-8.201443
-1.454649
-0.750141
-1.808249
0.239263
-0.106829
-0.186889
0.509912
-0.728209
-6.676864
0.871151
-3.258554
0.773937
-2.172238
1.115033
-4.645549
-0.741073
0.698615
1.014433
1.696397
-0.401687
5.802060
0.582143
-0.132671
-0.277162
-1.484163
-1.605809
-0.652363
0.925952
3.480841
0.081263
2.006047
1.685113
1.049586
2.445837
2.983903
-4.632156
-0.484899
3.611634
-1.712940
-1.571157
2.243854
-0.844180
3.373965
-0.008969
-3.061797
-4.487816
2.274915
-1.749749
-1.677203
-4.891183
-3.478381
0.991534
-1.063447
-2.378737
-1.003902
-1.771204
0.957116
-0.617685
-5.954391
0.503006
-3.274497
2.751615
0.922590
-0.397220
-2.130955
-0.423523
1.777193
-2.835898
1.682566
-0.360066
2.232930
0.348094
0.248666
0.317638
1.452975
-1.052311
0.027816
-0.415973
2.198270
-0.689644
0.941159
0.295632
0.215026
0.663168
3.558745
-4.205785
-0.765822
1.788435
-1.022694
-0.917119
3.622853
-3.019039
4.559458
-0.168699
-1.117116
-1.687017
-0.895007
-0.692821
-3.772609
-2.238191
-4.059353
3.024274
-0.531018
-1.727184
-0.325987
0.644467
-0.151097
0.031263
3.964455
-1.742396
2.081938
-0.596670
-1.353762
-0.900466
-1.021579
-1.638298
-1.217047
-2.485068
-2.876516
-1.125338
-3.964087
-2.643804
-1.450235
-0.126837
-0.226420
0.826845
2.041063
-0.888718
-3.922764
-0.158366
-1.087711
-0.369816
-0.653231
-0.335620
-3.175630
1.435482
0.581157
-4.485610
1.928312
0.530146
-3.617815
-0.261647
-3.351580
-1.260870
0.340837
-0.054950
-1.052755
-2.908102
0.243228
0.858136
4.426879
-0.796997
1.447301
0.921500
-0.742454
-0.227803
-0.385066
-0.371153
5.167363
-1.902507
3.136695
-0.351263
-0.524994
-0.895602
-1.030888
-0.806545
-1.960917
-0.042596
-3.686246
-0.788649
-3.739558
-3.435299
-1.446625
0.769683
-1.577605
1.230569
1.582502
-0.205309
-4.812858
-1.325565
-1.226480
-0.558169
-0.998562
-0.061047
-4.812782
2.274833
-0.955677
-5.212703
1.267530
0.227148
-3.613273
-1.329954
-4.946594
-0.967824
-0.184642
0.532354
-1.112485
-3.060414
-0.488196
-0.928466
6.199894
-0.866765
0.796669
1.083257
-0.426699
0.062156
-1.287084
-0.769690
4.906633
-1.980878
3.270527
-0.088199
0.003061
-1.017958
-1.637747
-1.253232
-2.307566
1.149179
-4.460251
-0.730405
-2.234802
-3.556984
-1.280081
-0.064207
-2.326660
1.128598
0.874445
0.365060
-4.880251
-1.354526
-1.439372
-0.599096
-0.871607
0.113483
-5.198091
3.000028
-2.077591
-5.192458
0.282845
-0.192779
-2.591501
-1.614419
-5.771432
-1.393684
-0.517557
1.282956
-1.177787
-2.544403
-1.349936
-3.609026
8.198253
-0.812667
0.778794
0.449719
-0.481184
-0.077162
-1.198946
-1.276946
3.847046
-2.074820
3.027897
-0.479871
0.652973
-1.313189
-1.281529
-1.875119
-3.824113
0.783231
-4.945457
-1.049690
-1.091682
-4.312373
-1.154850
-1.500976
-2.347113
-0.330122
0.144745
0.089799
-4.840886
-1.651124
-1.496952
-1.532618
-0.412379
0.138397
-4.742000
3.290742
-3.519688
-4.810407
-0.782622
-0.671158
-2.258938
-1.731145
-6.636410
-2.047230
-0.578175
1.390142
-2.016377
-1.623757
-2.691712
-5.855720
9.196051
-1.243080
0.384977
0.693044
-0.178716
-0.998726
-1.789397
-1.392455
3.270447
-2.403544
2.886762
-1.407413
0.297665
-0.545468
-3.156623
-1.502360
-6.366171
0.420502
-4.651133
-1.978140
0.012545
-5.064910
-0.363658
-2.830481
-4.500963
-3.166968
0.245512
-0.359401
-4.390156
-2.206675
-0.877422
-2.665966
-0.528653
1.258742
-3.930368
3.207371
-5.240376
-4.139072
-2.178723
-1.000202
-3.748318
-0.950212
-8.079871
-1.338652
-2.292026
0.391033
-0.978793
-1.372546
-2.742105
-7.094642
7.962129
-2.759488
-0.564962
1.801156
-0.028262
-0.315937
-1.718157
-1.837873
2.859461
-2.147980
2.229277
-0.896728
-3.486322
-0.293740
-3.845165
-0.910004
-3.188962
2.282835
-3.999227
-1.908252
1.492655
-3.595954
0.134815
-1.196787
-5.602869
-2.612831
-0.301180
-0.155452
-3.713286
-0.711208
-0.349670
1.631407
-1.302222
2.832056
-3.922449
1.442640
-2.737372
-3.099727
-1.891695
-0.820610
-4.068882
0.070653
-5.847355
0.902576
-4.926543
-1.704523
1.587868
-3.283295
0.906527
-6.658421
4.391773
-1.169572
-0.466787
0.402588
-1.237440
-0.262537
0.814018
-2.288032
0.773181
-1.084367
0.028468
2.266748
-1.397712
0.039778
-1.249301
-1.682618
1.163407
4.225754
-2.203052
-1.027645
3.060230
-1.507174
-0.265735
1.567270
-1.570384
-0.118844
-1.616032
0.343381
-1.443996
-0.804308
0.105539
3.672261
-0.508006
1.663899
-2.193942
-0.091137
1.757892
-1.932981
-0.906600
-0.952578
1.221827
-2.145220
-0.752778
1.184696
-3.576081
-2.830751
-0.191219
-2.964246
-0.798817
-6.095083
2.143077
3.002950
-0.822796
-1.462045
-2.052568
-2.562680
1.177729
-1.408233
-1.285419
-0.938695
-2.231529
2.597723
3.059569
-0.007598
0.006474
0.063808
-0.772712
0.678524
-1.791648
-0.312596
2.620690
-2.346748
0.474418
0.682485
1.681499
-0.322758
-1.220096
-0.524211
-0.784524
-2.744902
0.126107
-0.735316
0.353251
-0.544114
-0.206892
-1.070846
-1.870847
-0.239763
-1.536321
-1.434918
3.261411
-4.063523
-0.508490
-0.859151
-1.725724
-0.063651
-3.207322
-1.303241
-5.178425
-5.535577
1.167458
2.577884
-0.829808
-1.714847
0.025282
0.575933
-0.321885
-0.138650
2.914844
-2.087990
-0.054242
-1.650593
-1.739950
-1.243191
0.630914
-0.164634
-0.647855
-3.520024
-0.245198
-0.693529
-2.690544
-1.581025
-0.895997
-0.250699
0.035244
2.451023
1.680397
-1.107743
0.140879
-0.033118
-1.087710
-0.802881
-0.473927
-1.301974
0.466718
0.528771
0.836614
-1.447639
1.394844
-0.453866
-0.526359
-0.524045
-0.602410
-1.541321
2.066968
-0.014489
-0.431146
-1.285029
-0.072613
4.046512
-1.071877
-2.288480
0.810917
-0.767853
-0.068185
0.420554
-0.750152
-0.138736
3.584276
-2.001067
0.472987
-2.197179
-2.009802
-2.190911
0.373008
-0.204477
-0.775989
-3.717990
-0.725555
-0.451736
-4.136733
-1.830954
-1.197285
0.296838
0.108449
2.506418
1.382519
-0.986098
-0.393117
-0.345086
-1.514673
-1.408597
-0.631389
-1.914675
-0.295841
1.298040
0.124666
-2.412735
1.905838
-0.726162
-1.165120
-0.754598
-1.668480
-1.782868
2.161289
0.054689
-0.537822
-0.937437
0.074134
4.907976
-1.142129
-3.060198
0.678072
-0.579738
-0.451465
0.154572
-0.849675
-0.524886
3.715671
-2.075954
0.715018
-2.459872
-1.459641
-3.020480
0.295748
-0.777784
-1.621232
-3.761736
-1.214225
-0.263550
-5.129066
-2.559629
-1.604264
-0.339821
-0.198178
2.190609
0.899783
-1.086215
-0.829308
-0.651985
-2.110533
-2.287074
-0.470644
-2.836730
-1.241978
1.952556
-0.802289
-3.147767
2.148461
-1.017806
-1.633450
-0.882351
-3.025053
-2.137429
2.413741
0.183950
-1.330024
-0.299660
-0.747944
5.040805
-1.550312
-3.927323
0.754439
-0.518984
-0.744205
-1.190996
-1.041633
-0.970048
3.543737
-2.522154
1.393012
-3.027761
-0.320961
-3.075515
-0.338457
-1.211294
-4.238141
-3.805622
-1.317066
-0.353486
-6.254562
-3.195460
-1.676081
-1.465946
-1.748907
0.129922
0.421576
-1.768509
-1.104162
-1.869327
-2.613049
-4.604051
-0.418357
-3.170788
-1.713739
2.946383
-2.923173
-3.487110
1.346191
-1.120883
-2.869199
-1.239803
-5.364731
-2.007213
1.533814
0.035812
-1.898621
0.473709
-2.468146
4.427075
-2.556512
-5.410784
-0.312709
0.411229
-0.376214
-1.089516
-2.169620
-1.056431
3.778319
-2.374879
1.835901
-3.661080
-2.604688
-2.547423
-3.159515
-1.045966
-3.504810
-3.918693
-2.129879
-0.883560
-6.182703
-2.252492
-1.136113
-1.909328
-5.294281
-1.803535
1.008760
-1.983979
-1.581479
-1.404331
-2.514222
-3.909641
-0.697095
-1.736631
-2.565024
2.205891
-3.304525
-3.331905
0.277820
-1.089026
-4.769984
0.043145
-6.717358
-0.507032
-1.544212
-0.903100
0.159103
-0.862836
-0.869496
3.530665
-3.427625
-5.814069
-0.468300
0.230405
-0.273248
-0.095456
-1.747658
-1.691629
2.456936
-1.591060
2.292286
-1.411961
-5.820157
-2.594462
-2.847445
-2.240014
2.701444
-2.909354
-2.782270
-0.535655
-5.489401
0.470535
-1.810516
0.670914
-2.175020
-0.009450
0.089236
-1.027340
-1.969552
1.200900
-2.298793
1.930271
-0.448551
-1.389333
-3.912505
0.732204
1.757780
-3.967675
1.461164
-0.865794
-4.224016
0.644067
-3.491223
1.637216
-3.201098
-2.602205
1.605578
-2.772462
2.535730
2.517217
-2.987396
-1.176575
-0.518821
-0.102957
-1.978234
-1.475915
1.616056
-0.391231
0.012798
-0.324965
0.994669
1.649845
-0.119855
-1.801213
0.620457
-2.627360
2.049087
0.124066
-2.318502
0.214538
-4.106302
-0.295755
-1.271177
3.365883
4.300060
1.510868
-1.162469
-0.727843
-1.732504
-1.537187
-1.794482
0.341378
-0.922991
-2.314969
-3.905782
0.195488
3.775377
-3.635885
0.877835
-1.385007
-1.070395
-2.121635
-1.380095
0.124052
-1.129183
-1.441719
-3.088031
-1.621090
-0.830922
-0.267144
-2.222364
1.893381
-0.533556
0.508106
-2.154653
-3.459226
-0.525376
-0.014837
-0.345799
-1.508147
-0.262562
0.071397
3.290934
-1.527830
-0.401336
1.123737
-2.935226
0.600203
-2.085748
0.424882
-2.368412
-2.962677
-0.432086
1.613775
1.473178
1.004993
-1.825801
-0.046769
-1.743776
-3.591698
-1.464768
-4.130171
-0.642598
-2.074831
-3.316599
-0.397776
-3.921977
-1.283690
-0.137083
-0.848381
-0.180426
-3.029902
-3.257847
-1.823848
-0.072991
0.931057
-3.391894
-0.010775
-4.853827
-2.302138
-0.740656
-1.266363
-1.358668
-0.571110
