0.328869
0.383340
-0.092112
0.193962
-0.143645
-1.017676
-0.245353
-0.643077
-0.733148
-0.645585
0.817061
0.116174
-0.080441
-0.206130
0.106045
-0.312075
-0.210787
0.302176
-0.217439
0.347644
0.106748
0.786297
-0.125201
-0.098245
-0.281024
0.230115
-0.568143
-0.060523
-0.452668
-0.277625
-0.230074
0.092740
-0.089566
-0.453491
-0.182484
-0.270958
0.393643
-0.411540
0.228025
-0.393654
1.356371
0.553891
0.084327
0.261484
-0.098661
0.200502
-0.592843
-0.473867
0.310788
-0.245515
0.387210
0.519783
-0.165888
0.191252
-0.645506
-1.103984
-0.704910
-1.081680
-0.991407
-1.171679
0.933364
0.003265
-0.079209
-0.425529
0.013182
-0.507446
-0.367924
0.190008
-0.333282
-0.076327
0.082721
0.759590
-0.417937
-0.142345
-0.226134
0.237438
-0.899257
-0.370858
-0.435356
-0.861215
0.027361
-0.014720
-0.735778
-0.508836
-0.426963
-0.592790
0.389182
-0.647150
0.250007
-0.697053
1.764231
0.621590
-0.059215
0.495252
-0.409190
0.136161
-1.155447
-0.796368
0.354690
-0.569960
0.241292
-0.040054
-0.188651
-0.005593
-1.742095
-1.063742
-0.690044
-1.811038
-0.452008
-1.798635
1.017829
-0.457982
-1.791144
-1.233212
-0.029265
-0.658628
-0.778005
0.037533
-0.630523
-1.079913
-0.361405
-0.483264
-0.738794
-0.543642
-0.291050
-0.508245
-1.772548
-2.098972
-0.086285
-1.510896
-0.011544
0.138135
-2.232436
-0.740868
-1.053476
-1.022892
0.124313
-0.792997
-0.640710
-0.912593
1.882736
0.288230
-0.744699
1.378843
-1.761382
-0.458357
-1.696069
-2.128318
0.127177
0.124175
0.449456
-0.679662
-0.960886
0.016052
-2.425688
-1.280983
-0.726929
-3.014488
-0.995882
-1.210663
-1.376477
-0.129914
-3.667033
-2.322493
-0.299697
-1.122791
-1.393087
-0.088218
-0.173158
-2.044528
-3.357319
-3.312694
-0.211748
-1.344697
-0.346244
-1.060401
-1.600359
-3.824506
-0.487841
-0.853105
-0.313385
0.105046
-4.363782
-0.732342
-2.298026
-0.916829
-1.781676
-0.596752
-2.499795
-0.148230
0.277443
-0.613679
0.385262
1.292800
-2.517229
-0.932417
-2.487411
-3.755483
-0.336429
0.794992
0.570544
0.374889
-1.957480
-0.118573
-2.830079
-1.425682
-0.851906
-2.583820
-5.903306
-1.387015
-3.333592
-0.884806
0.722068
-2.674191
-1.529745
-1.152490
-1.814197
1.994376
-0.336070
-0.958758
-3.881999
-2.810008
-0.376326
-1.515306
-1.215180
1.047769
-2.135405
0.543178
-1.145024
0.381444
-1.692930
-1.059886
-1.651943
-1.669589
-1.477186
0.168051
-2.978029
0.899189
-1.465382
1.446312
-2.834460
-2.205169
2.783333
-1.597467
0.738735
-0.344587
-3.014001
-2.002437
0.192106
-0.953705
-0.490486
0.912208
-0.052525
0.162382
-3.407582
-0.483005
-1.248434
0.336429
-5.123914
-1.709717
-0.821871
-3.294002
4.553391
-2.580390
-1.803736
-1.497502
-2.356545
2.170351
-1.143469
1.668371
3.065522
0.098684
-1.179013
-1.242964
-1.016514
1.210807
-2.566015
3.480728
-0.802188
-0.949944
-2.252314
-1.878743
4.412996
-2.763836
0.036088
-0.254031
-1.342416
-0.222581
2.143585
0.985056
-1.368735
-2.983292
0.385490
-2.796373
1.600954
-0.690484
-2.788613
1.902975
0.311894
-0.766621
-2.118159
-2.623411
1.565222
1.015495
-2.350291
-0.830375
-1.733791
0.390736
0.801550
-1.109267
1.617549
-0.905616
-0.776741
-2.189742
-2.069378
-1.093987
-2.347695
-1.603511
-0.386525
1.996550
5.528269
0.594917
-0.976712
-0.800694
-1.652234
-2.694205
-1.471281
-1.976864
-1.390982
-2.295812
-2.384199
-2.262638
0.818061
-2.618195
-0.320549
-0.941387
-0.886585
-2.787947
-0.017334
-1.401805
0.875716
-1.353607
-3.083959
-1.339661
-2.652057
-1.605196
-2.189439
0.498037
0.036367
0.149884
-0.809565
-2.348239
-2.396150
0.302036
-0.466581
-1.543631
-1.220093
-2.265974
0.391809
-1.180912
-1.196982
2.660326
-3.689668
-1.269891
-1.597781
-0.817360
-1.853257
-2.913560
-0.601776
0.673042
-0.976278
0.374866
-1.446525
0.384592
-1.369096
-2.031638
-1.714768
-3.999197
-1.364183
-1.736072
-2.542825
-1.405096
-6.633804
-1.309128
0.100729
0.190829
-1.270850
-2.530244
-3.155658
-1.854301
1.081948
0.616178
-1.348561
0.199487
-2.924679
-2.495994
-0.243917
-3.165019
-0.481513
-0.552016
0.254993
0.562906
0.186407
0.089906
-0.223686
-0.728873
-0.086647
-0.134562
-0.021049
-0.632383
0.502714
-0.029249
0.276121
-0.211957
-0.331125
-0.314852
-0.293531
0.065922
-0.458575
0.017546
-0.095918
0.354316
-0.180855
0.018374
-0.487307
0.534542
-0.494144
0.333695
-0.251061
-0.354503
-0.579547
0.200878
-0.121097
-0.388909
0.125634
-0.127421
0.112479
-0.245452
-0.138990
-0.095656
0.684885
0.271252
-0.085831
0.119230
0.162114
0.110301
-0.395112
-0.106041
0.415588
-0.222374
0.215780
0.415691
0.242651
-0.083827
-0.767155
-0.617253
-0.100211
-0.469322
0.382646
-1.379555
0.781299
-0.207975
-0.536242
-0.580391
-0.287556
-0.201932
-0.517901
-0.400913
-0.640319
-0.687990
-0.365603
-0.264013
-0.544836
-0.098843
-0.351978
0.202920
-0.835425
-0.464956
0.051995
-0.871641
-0.641420
0.358517
-1.094536
-0.327506
-0.276684
-0.335771
0.050403
-0.353389
-0.564262
-0.230673
0.910223
0.351045
-0.746398
0.574839
-0.686330
-0.265147
-0.589801
-0.475143
0.349833
0.192513
0.448859
-0.520449
-0.022106
-0.257457
-1.437635
-0.839627
-0.120917
-1.220029
0.879333
-1.332401
-0.544549
-0.336617
-3.210985
-0.843379
-0.010231
-0.377849
-1.002180
-0.887885
-0.260063
-1.714775
-2.368134
-2.757754
-0.488574
-1.068808
-0.257238
-0.748790
-0.783925
-2.495342
0.194866
-0.759650
-0.445222
0.874214
-3.238502
-0.228017
-1.298300
-0.467488
-1.052117
-0.400103
-2.543887
0.340086
-0.137635
-0.413320
-0.666873
1.115894
-2.161229
-0.540428
-1.557223
-2.168226
-0.453743
0.999475
0.652108
0.019851
-0.981274
-0.362843
-1.530804
-1.311326
-0.315763
-1.740876
-2.264093
-1.425969
-3.271804
-0.233912
-1.649957
-1.828892
-0.685049
-0.774982
-1.242941
0.183711
0.213451
-1.859990
-5.848917
-3.996536
0.124564
-1.761963
-0.942779
0.197397
-0.876544
-0.830733
-0.235592
0.754306
-1.001125
-0.199993
-2.880458
-0.817566
-1.715222
0.065328
-2.323019
0.314902
-2.628428
1.451048
-3.097239
-1.662395
1.517960
-0.975026
-0.766349
-0.067087
-3.066239
-2.000191
-0.111388
-0.306699
0.631508
1.375789
-0.925531
-0.657390
-1.836881
-1.243772
-0.789039
0.280289
-5.686639
-2.066935
-3.041767
-2.459834
4.362535
-2.759321
-1.130788
-0.929412
-2.377598
1.965533
-0.790464
0.122038
-1.552068
-1.755012
0.043152
-1.575093
-0.946370
2.519307
-1.733213
4.191544
-0.257311
-0.044979
-1.374125
-1.436892
2.826607
-1.864925
0.385644
0.491483
-1.845747
0.831308
1.198455
2.203192
-3.790995
-2.872038
1.859407
-3.616517
2.104331
0.721267
-3.076255
2.159421
0.119175
-1.136910
-1.128439
-0.413258
1.908589
0.419673
-2.096106
-0.499200
-1.579910
1.776769
-1.109607
-1.168371
1.137416
-2.608933
2.492110
-2.297878
-1.186255
-0.803630
-2.968027
-0.303716
-0.639084
1.978121
5.490650
0.899041
-0.456024
-1.778160
-1.331743
-0.898286
-1.435926
1.319891
-0.805884
-2.156111
-1.664747
-2.136097
4.876786
-2.312317
0.217430
-0.606093
-0.663113
-1.428778
1.998526
-0.069702
-0.758601
-1.602181
-3.040542
-3.114544
-0.660042
-0.344820
-3.363551
3.393722
0.447051
-0.123739
-1.436186
-3.303452
-0.505087
0.717228
-0.365778
-1.509211
-1.021283
-0.678295
1.963916
-1.009679
0.777568
2.041504
-3.079019
-1.911185
-1.261995
-0.296080
-2.509582
-3.281868
-0.192204
1.391794
1.163170
1.247454
-1.044044
-0.609564
-1.460646
-3.320799
-1.032037
-3.400721
-1.131587
-1.885551
-2.228554
-2.412494
-2.963384
-0.993294
-0.246976
0.019750
-0.928169
-2.720203
-1.591005
-1.806607
0.884506
0.076923
-2.922016
-1.249246
-3.562834
-0.985855
-1.695689
-1.240733
-0.813292
-0.401566
0.778679
-0.552722
-3.490128
-1.075605
0.529511
-1.354586
-0.265240
-2.538428
-0.762360
-1.225294
-2.318331
1.816782
-3.112990
-1.358669
-1.223883
-0.214761
-1.398998
-2.124962
-0.604800
-0.476242
-2.555336
0.293231
-0.634496
-0.118881
-0.902868
-0.112653
-1.610830
-2.741315
-0.898517
-1.180912
-1.773955
-0.661506
-5.915337
-1.073711
0.441869
-0.206373
-0.416110
-1.429664
-3.674028
-1.050410
1.091306
1.095727
-0.127878
0.850436
-1.738087
-2.362585
0.611755
-3.330994
-0.265989
-0.982599
0.270167
0.520952
0.261754
-0.008551
-0.531003
-0.617710
-0.285524
-0.236122
0.251533
-1.054849
0.722994
-0.043774
0.025308
-0.412334
-0.378684
-0.302677
-0.446077
-0.263869
-0.578628
-0.379333
-0.221933
0.175431
-0.358286
-0.016812
-0.430598
0.411219
-0.538930
0.138159
-0.062257
-0.643854
-0.536755
0.198008
-0.585410
-0.393200
-0.023813
-0.234747
0.122996
-0.398418
-0.307648
-0.204932
0.907521
0.396191
-0.440636
0.321953
-0.205267
-0.028171
-0.593027
-0.176451
0.446296
-0.252290
0.190349
-0.247969
0.249917
-0.271781
-1.299543
-0.686329
-0.024068
-0.921702
1.042572
-1.402179
0.326674
-0.357267
-2.169703
-0.783212
-0.126872
-0.265956
-0.879713
-0.592343
-0.636091
-1.436425
-1.300600
-1.784673
-0.773842
-0.588929
-0.385677
-0.382527
-1.088034
-1.723015
0.216773
-0.997152
-0.509306
0.586784
-2.444407
-0.343231
-0.874981
-0.752649
-0.461276
-0.452532
-1.768417
-0.067895
0.379832
0.028244
-1.092465
1.044283
-1.591685
-0.574625
-1.313152
-1.497388
-0.014052
0.698780
0.664335
-0.388951
-0.491752
-0.278194
-1.529512
-1.021779
-0.101816
-1.967386
-0.376920
-0.693192
-2.576139
-0.147610
-3.363622
-1.430137
-0.591775
-0.764102
-0.882373
-0.338931
0.167543
-2.163166
-5.171690
-4.257567
-0.089514
-1.234639
-0.463712
-0.304775
-0.990366
-2.338512
-0.363281
0.053953
-0.853944
0.213905
-3.789031
0.057227
-1.955436
-0.449020
-2.061388
0.153613
-3.052423
0.828448
-2.031784
-1.345915
0.670820
0.439550
-1.684103
-0.925574
-2.795647
-2.768444
-0.333973
0.814515
0.694112
0.839133
-0.910329
-0.945213
-2.376203
-1.523705
-0.659917
-0.560195
-5.006004
-0.389224
-3.853379
-1.136786
2.710734
-2.084016
-1.373543
-0.593616
-1.344250
2.178967
-0.573099
-0.654266
-4.540156
-2.982824
-0.202442
-1.406374
-0.702888
2.063781
-1.349008
2.575811
-0.532299
0.718081
-1.825818
-1.281731
0.168217
-0.811463
-0.796234
1.018375
-2.103270
0.631948
-0.347225
2.257183
-4.325207
-2.826209
2.566126
-2.808161
0.768311
-0.099504
-3.037898
0.678765
0.085015
-1.263008
-0.416933
0.826024
0.588794
0.089072
-3.374843
-0.552436
-1.483287
1.950363
-3.024520
-0.702249
-0.938323
-3.335352
5.040339
-2.644983
-1.396582
-0.692108
-1.977713
1.661598
-1.115685
1.640433
3.827444
0.072383
-0.564389
-1.586705
-0.301643
0.850743
-1.846129
3.890890
-0.294101
-1.097218
-1.880247
-1.967835
5.123957
-1.514550
0.146557
0.381819
-0.627829
-0.419998
3.042331
0.924158
-2.150046
-2.339458
-1.067758
-3.667211
0.765202
-0.628646
-3.286127
4.211677
0.299962
-0.692820
-1.563095
-2.478051
0.848323
0.999133
-2.061379
-1.014932
-1.578003
0.452596
1.639985
-0.759655
1.042937
-0.326495
-1.436505
-2.401792
-1.462340
-0.565644
-2.112907
-2.502655
-0.543504
1.247264
4.532325
1.141312
-0.416872
-1.074459
-0.885861
-2.848887
-0.960524
-1.909255
-0.861369
-2.144277
-1.656735
-2.866981
0.644951
-1.181331
-0.287859
-0.759922
-0.856879
-2.259765
0.344732
-1.790242
0.865137
-0.781236
-3.294992
-2.023115
-2.840774
-1.463318
-2.591076
0.711374
0.004491
-0.106351
-0.103138
-1.742836
-2.459072
0.056283
-0.001423
-1.636779
-0.774135
-2.377454
0.200512
-1.329486
-1.558437
2.679224
-3.647825
-1.761716
-1.279654
-0.593871
-1.714812
-2.973488
-0.525966
0.550958
-1.596218
0.815510
-0.836962
0.354992
-1.131799
-1.506365
-1.154269
-3.697791
-1.189203
-1.393875
-1.627207
-1.547319
-5.946772
-0.852002
0.089563
-0.033333
-0.892572
-2.261771
-2.973337
-1.907088
1.380449
0.943311
-0.783040
-0.079438
-2.504798
-2.459655
-0.331306
-3.283308
-0.506383
-0.545947
0.670599
0.939976
-2.727405
-1.399127
0.365023
-1.116155
-0.330009
-2.281973
-1.398500
-0.915458
-1.964932
0.331116
-2.102497
-1.033069
-0.977541
-0.161725
-0.586459
-1.070835
-0.522506
-0.850207
-2.166168
-0.557717
-0.586886
-0.700965
-0.850795
1.005965
-1.406944
-1.333091
-0.587418
-0.716098
-1.158855
-0.106441
-4.138621
-0.895603
0.734555
-0.913229
-0.133412
-0.290983
-3.484339
-0.528092
0.685456
0.648756
0.006154
1.681479
-0.798912
-2.403719
0.895245
-2.955983
0.179155
-1.095160
0.433884
0.212514
0.102232
-0.065391
-1.075299
-0.301067
-0.279656
-0.289232
0.715137
-1.269279
0.790150
-0.111100
-0.834245
-0.568142
-0.172228
-0.322352
-0.576096
-0.557606
-0.409538
-1.097937
-0.485178
-0.546694
-0.524517
-0.301861
-0.344716
-0.130332
-0.625866
-0.765814
0.243227
-0.899583
-0.523761
0.279800
-1.391264
-0.358359
-0.439624
-0.082778
0.039374
-0.572348
-0.690418
-0.117557
1.097265
0.319214
-0.788173
0.803795
-0.844038
-0.290983
-0.851575
-0.580927
0.133044
0.015149
0.514231
-0.457893
-0.256619
0.026552
-1.661781
-0.407987
-0.150773
-1.421929
0.860848
-1.518745
-1.360137
0.027142
-3.262973
-1.060218
0.348161
-0.272275
-1.109987
-0.834512
0.225871
-2.376968
-3.358906
-3.873510
-0.471349
-1.351144
-0.253534
-0.977146
-0.304523
-2.919561
0.458133
-0.617449
0.000493
0.602831
-4.050900
-0.197215
-1.887204
-0.721770
-1.434046
-0.029049
-2.782228
0.748792
-0.861307
-0.288568
-0.529192
1.254458
-1.862486
-0.718969
-1.881660
-2.140395
-0.635907
0.910419
0.818533
0.404053
-0.861681
-0.452403
-2.369457
-0.921783
-0.441052
-1.901348
-3.406104
-2.015532
-4.009525
-0.440502
-0.725766
-1.448019
-0.071827
-0.611806
-1.347070
1.214081
0.442937
-1.796394
-6.013981
-4.330949
-0.102339
-1.858070
-1.317384
0.500910
-0.609938
0.133297
-0.011537
0.858551
-0.612163
-0.546532
-2.222330
-0.874091
-2.075713
-0.579685
-2.783754
1.165708
-2.412214
2.068026
-4.642366
-2.183471
1.925963
-1.549905
0.218616
-0.609525
-2.947182
-1.076419
0.056949
-0.298642
0.207906
0.945540
0.445765
-0.577893
-3.064076
-0.579318
-1.071637
1.124738
-4.900122
-2.149096
-2.228186
-2.841593
4.780474
-2.412893
-0.905654
-1.053559
-2.455025
2.373368
-0.255816
0.569867
-0.033409
-1.070110
-0.203778
-1.468061
-1.596352
2.158669
-1.610286
4.674050
-0.203296
0.040047
-1.674770
-1.819972
4.313939
-1.864987
-0.147414
0.203868
-1.329034
0.206265
1.919759
2.007643
-3.854232
-3.307690
1.153146
-4.048066
0.928175
-0.263504
-2.505186
3.221931
0.501425
-0.879580
-1.479641
-1.540543
2.096787
1.001764
-2.453681
-0.372001
-1.780300
2.516353
0.177769
-0.641769
1.678689
-2.044763
1.216848
-2.512367
-1.927222
-0.985259
-2.593477
-0.908451
0.131540
1.640381
5.855752
0.626648
-0.205922
-1.591292
-1.632657
-1.527012
-1.696980
0.465069
-1.281547
-1.785565
-2.028070
-2.219163
3.385019
-2.091604
-0.352233
0.203661
-0.551664
-1.952421
1.904650
-0.300623
-0.658042
-1.103409
-3.247859
-2.945506
-2.088863
-0.987352
-2.845224
3.103434
0.357534
-0.230069
-1.256655
-2.688607
-1.685864
0.625622
-0.138700
-1.821385
-1.314232
-1.147568
1.330334
-0.427342
0.145155
2.464588
-3.715119
-1.708125
-1.807771
-0.788022
-1.714703
-3.861799
-0.505397
0.920526
-0.159618
0.660507
-0.821393
-0.317693
-1.195098
-2.760465
-1.691103
-3.546873
-1.107466
-1.461902
-2.334542
-2.285601
-4.523640
-0.788307
0.127008
0.653066
-1.522580
-2.599871
-1.800272
-1.718978
0.971730
0.627259
-2.448522
-1.316640
-3.303202
-1.660149
-0.989615
-1.510174
-0.722963
-0.715313
0.870087
0.088370
-3.514832
-1.441694
0.645445
-1.540639
-0.417822
-2.751915
-1.196796
-1.012759
-2.375240
1.501014
-3.032370
-1.191661
-1.379630
-0.522486
-0.778484
-2.169126
-0.816007
-0.673482
-2.977472
0.018188
-0.523106
-0.247923
-0.814188
0.074302
-1.572646
-2.144852
-0.665927
-0.891163
-1.515611
-0.573933
-5.656972
-0.966461
0.713788
-0.427329
-0.399702
-1.252870
-3.790953
-0.822611
1.213466
0.712563
0.028886
0.847434
-1.431034
-2.775470
1.332935
-3.186189
-0.081581
-1.068476
0.237046
1.322244
-1.200243
-1.292369
0.447872
-1.345581
-0.154417
-1.577312
-1.067207
-0.603210
-0.494140
-0.681275
-1.288811
-0.704842
-1.227346
-0.335320
-0.271904
-0.540236
-0.490499
-0.928726
-0.751115
-0.709693
-0.560872
-0.990514
-1.175757
1.041908
-0.811281
-0.266372
-0.478823
-0.517033
-0.766859
0.353661
-1.948166
-0.996659
0.776205
-1.129897
-0.112776
-0.096642
-2.985098
-0.189357
0.392673
0.239163
-0.381051
1.846131
-0.612527
-1.827437
0.828960
-2.026403
0.265604
-1.092411
