2.339915
-0.199118
-0.953537
-1.456997
0.279169
0.985194
-0.332851
-2.030535
-0.975051
0.386908
-0.248469
0.183787
-1.034838
-0.136241
-0.503893
-0.857408
0.980856
0.230909
-0.181466
0.240091
-0.522004
-0.427879
2.470306
-0.369937
0.007953
1.442377
2.058570
2.011233
1.046024
-0.079645
-0.211223
0.816909
-0.678795
1.020186
0.005504
-0.364078
-1.192183
-0.100651
2.828062
-2.212702
0.357368
0.898032
-2.242602
2.398789
0.044747
-0.165357
0.854809
3.188845
-0.953056
-5.974969
0.350204
-1.608863
0.917340
1.927415
3.746814
-3.762200
-2.114246
0.163410
0.565789
-0.389010
-0.209373
2.128988
2.854767
-0.428416
0.402417
1.643344
2.386938
-0.224180
-0.565177
-1.385990
-0.060521
-0.009092
-2.694003
-0.505965
2.459613
-0.503183
-0.315063
1.029873
-4.581284
-0.026949
-2.201555
-1.569435
2.119901
0.305189
2.549386
-2.624506
1.028250
1.207792
-0.251573
-0.529297
-0.705898
-2.631145
0.368437
1.883216
-0.736695
-1.721981
0.333383
0.913948
2.034913
0.083636
0.035835
3.639319
0.420787
-0.098968
1.598750
-0.532985
-2.175793
-2.284121
2.318317
3.195152
-1.955302
-0.684564
-5.414132
-3.774006
-1.816600
-0.364549
1.672401
-3.861696
1.980657
3.111379
1.145832
1.370802
-0.400812
-3.295464
0.064757
-0.937729
-0.255510
0.195621
-1.141945
-0.245087
1.175344
0.298126
1.613670
-0.249073
-1.626344
0.705701
-0.721528
0.886581
-0.170830
-1.708263
-0.872584
-0.143687
-1.751267
-2.397418
-0.683651
4.122691
1.269528
0.843169
-0.140226
-0.058368
-0.164861
-0.209293
-2.802594
0.016875
-0.348201
1.727376
0.764836
0.623074
2.068150
-2.536912
1.025958
-1.108291
-1.613464
-0.622318
-2.034024
5.597132
-0.458226
1.387275
0.889128
-0.413400
-0.043381
2.191847
-0.224073
1.832858
-1.237833
-0.943012
3.265841
-0.435061
-1.727668
-0.565933
-0.668855
0.253923
1.491294
-0.396588
-1.015119
0.113656
-0.279871
-4.162737
0.067251
-1.084479
0.241885
-2.746062
-2.754517
1.543550
3.050428
2.600758
-0.233875
-0.835932
-0.987145
1.314665
-0.619792
-3.707984
0.063997
2.974286
1.180994
0.829378
-0.443959
-0.471849
1.510651
-0.139546
-3.175154
-1.411752
0.778757
-2.116235
-0.219162
7.095979
-1.907801
-1.092719
0.032796
-0.625480
1.744278
-3.114115
-2.960372
-2.380076
2.696533
-0.254084
-2.870826
-1.624122
-3.421572
-0.941776
-0.544495
-0.233698
1.007096
-0.268460
0.269518
-2.231858
2.131318
-1.367147
-1.967190
0.687333
-0.211201
-1.502504
-3.009076
-0.540270
2.847373
-1.080452
-0.205934
-0.816323
-0.312180
-2.592621
