-0.157732
-0.009176
0.051111
-0.025876
-0.058414
-0.161244
-0.213859
-0.098723
-0.065284
0.401427
-0.115598
0.039107
0.040747
-0.218110
-0.268520
0.137614
0.069683
0.042314
-0.046756
0.121361
-0.157732
-0.009176
0.051111
-0.025876
-0.058414
-0.161244
-0.213859
-0.098723
-0.065284
0.401427
-0.115598
0.039107
0.040747
-0.218110
-0.268520
0.137614
0.069683
0.042314
-0.046756
0.121361
-0.157732
-0.009176
0.051111
-0.025876
-0.058414
-0.161244
-0.213859
-0.098723
-0.065284
0.401427
-0.115598
0.039107
0.040747
-0.218110
-0.268520
0.137614
0.069683
0.042314
-0.046756
0.121361
-0.157732
-0.009176
0.051111
-0.025876
-0.058414
-0.161244
-0.213859
-0.098723
-0.065284
0.401427
-0.115598
0.039107
0.040747
-0.218110
-0.268520
0.137614
0.069683
0.042314
-0.046756
0.121361
-0.157732
-0.009176
0.051111
-0.025876
-0.058414
-0.161244
-0.213859
-0.098723
-0.065284
0.401427
-0.115598
0.039107
0.040747
-0.218110
-0.268520
0.137614
0.069683
0.042314
-0.046756
0.121361
-0.157732
-0.009176
0.051111
-0.025876
-0.058414
-0.161244
-0.213859
-0.098723
-0.065284
0.401427
-0.115598
0.039107
0.040747
-0.218110
-0.268520
0.137614
0.069683
0.042314
-0.046756
0.121361
-0.157732
-0.009176
0.051111
-0.025876
-0.058414
-0.161244
-0.213859
-0.098723
-0.065284
0.401427
-0.115598
0.039107
0.040747
-0.218110
-0.268520
0.137614
0.069683
0.042314
-0.046756
0.121361
-0.157732
-0.009176
0.051111
-0.025876
-0.058414
-0.161244
-0.213859
-0.098723
-0.065284
0.401427
-0.115598
0.039107
0.040747
-0.218110
-0.268520
0.137614
0.069683
0.042314
-0.046756
0.121361
-0.157732
-0.009176
0.051111
-0.025876
-0.058414
-0.161244
-0.213859
-0.098723
-0.065284
0.401427
-0.115598
0.039107
0.040747
-0.218110
-0.268520
0.137614
0.069683
0.042314
-0.046756
0.121361
-0.157732
-0.009176
0.051111
-0.025876
-0.058414
-0.161244
-0.213859
-0.098723
-0.065284
0.401427
-0.115598
0.039107
0.040747
-0.218110
-0.268520
0.137614
0.069683
0.042314
-0.046756
0.121361
-0.157732
-0.009176
0.051111
-0.025876
-0.058414
-0.161244
-0.213859
-0.098723
-0.065284
0.401427
-0.115598
0.039107
0.040747
-0.218110
-0.268520
0.137614
0.069683
0.042314
-0.046756
0.121361
-0.157732
-0.009176
0.051111
-0.025876
-0.058414
-0.161244
-0.213859
-0.098723
-0.065284
0.401427
-0.115598
0.039107
0.040747
-0.218110
-0.268520
0.137614
0.069683
0.042314
-0.046756
0.121361
-0.157732
-0.009176
0.051111
-0.025876
-0.058414
-0.161244
-0.213859
-0.098723
-0.065284
0.401427
-0.115598
0.039107
0.040747
-0.218110
-0.268520
0.137614
0.069683
0.042314
-0.046756
0.121361
-0.157732
-0.009176
0.051111
-0.025876
-0.058414
-0.161244
-0.213859
-0.098723
-0.065284
0.401427
-0.115598
0.039107
0.040747
-0.218110
-0.268520
0.137614
0.069683
0.042314
-0.046756
0.121361
-0.157732
-0.009176
0.051111
-0.025876
-0.058414
-0.161244
-0.213859
-0.098723
-0.065284
0.401427
-0.115598
0.039107
0.040747
-0.218110
-0.268520
0.137614
0.069683
0.042314
-0.046756
0.121361
-0.157732
-0.009176
0.051111
-0.025876
-0.058414
-0.161244
-0.213859
-0.098723
-0.065284
0.401427
-0.115598
0.039107
0.040747
-0.218110
-0.268520
0.137614
0.069683
0.042314
-0.046756
0.121361
-0.157732
-0.009176
0.051111
-0.025876
-0.058414
-0.161244
-0.213859
-0.098723
-0.065284
0.401427
-0.115598
0.039107
0.040747
-0.218110
-0.268520
0.137614
0.069683
0.042314
-0.046756
0.121361
-0.157732
-0.009176
0.051111
-0.025876
-0.058414
-0.161244
-0.213859
-0.098723
-0.065284
0.401427
-0.115598
0.039107
0.040747
-0.218110
-0.268520
0.137614
0.069683
0.042314
-0.046756
0.121361
-0.157732
-0.009176
0.051111
-0.025876
-0.058414
-0.161244
-0.213859
-0.098723
-0.065284
0.401427
-0.115598
0.039107
0.040747
-0.218110
-0.268520
0.137614
0.069683
0.042314
-0.046756
0.121361
-0.157732
-0.009176
0.051111
-0.025876
-0.058414
-0.161244
-0.213859
-0.098723
-0.065284
0.401427
-0.115598
0.039107
0.040747
-0.218110
-0.268520
0.137614
0.069683
0.042314
-0.046756
0.121361
-0.157732
-0.009176
0.051111
-0.025876
-0.058414
-0.161244
-0.213859
-0.098723
-0.065284
0.401427
-0.115598
0.039107
0.040747
-0.218110
-0.268520
0.137614
0.069683
0.042314
-0.046756
0.121361
-0.157732
-0.009176
0.051111
-0.025876
-0.058414
-0.161244
-0.213859
-0.098723
-0.065284
0.401427
-0.115598
0.039107
0.040747
-0.218110
-0.268520
0.137614
0.069683
0.042314
-0.046756
0.121361
-0.157732
-0.009176
0.051111
-0.025876
-0.058414
-0.161244
-0.213859
-0.098723
-0.065284
0.401427
-0.115598
0.039107
0.040747
-0.218110
-0.268520
0.137614
0.069683
0.042314
-0.046756
0.121361
-0.157732
-0.009176
0.051111
-0.025876
-0.058414
-0.161244
-0.213859
-0.098723
-0.065284
0.401427
-0.115598
0.039107
0.040747
-0.218110
-0.268520
0.137614
0.069683
0.042314
-0.046756
0.121361
-0.157732
-0.009176
0.051111
-0.025876
-0.058414
-0.161244
-0.213859
-0.098723
-0.065284
0.401427
-0.115598
0.039107
0.040747
-0.218110
-0.268520
0.137614
0.069683
0.042314
-0.046756
0.121361
-0.157732
-0.009176
0.051111
-0.025876
-0.058414
-0.161244
-0.213859
-0.098723
-0.065284
0.401427
-0.115598
0.039107
0.040747
-0.218110
-0.268520
0.137614
0.069683
0.042314
-0.046756
0.121361
-0.157732
-0.009176
0.051111
-0.025876
-0.058414
-0.161244
-0.213859
-0.098723
-0.065284
0.401427
-0.115598
0.039107
0.040747
-0.218110
-0.268520
0.137614
0.069683
0.042314
-0.046756
0.121361
-0.157732
-0.009176
0.051111
-0.025876
-0.058414
-0.161244
-0.213859
-0.098723
-0.065284
0.401427
-0.115598
0.039107
0.040747
-0.218110
-0.268520
0.137614
0.069683
0.042314
-0.046756
0.121361
-0.157732
-0.009176
0.051111
-0.025876
-0.058414
-0.161244
-0.213859
-0.098723
-0.065284
0.401427
-0.115598
0.039107
0.040747
-0.218110
-0.268520
0.137614
0.069683
0.042314
-0.046756
0.121361
-0.157732
-0.009176
0.051111
-0.025876
-0.058414
-0.161244
-0.213859
-0.098723
-0.065284
0.401427
-0.115598
0.039107
0.040747
-0.218110
-0.268520
0.137614
0.069683
0.042314
-0.046756
0.121361
-0.157732
-0.009176
0.051111
-0.025876
-0.058414
-0.161244
-0.213859
-0.098723
-0.065284
0.401427
-0.115598
0.039107
0.040747
-0.218110
-0.268520
0.137614
0.069683
0.042314
-0.046756
0.121361
-0.157732
-0.009176
0.051111
-0.025876
-0.058414
-0.161244
-0.213859
-0.098723
-0.065284
0.401427
-0.115598
0.039107
0.040747
-0.218110
-0.268520
0.137614
0.069683
0.042314
-0.046756
0.121361
-0.157732
-0.009176
0.051111
-0.025876
-0.058414
-0.161244
-0.213859
-0.098723
-0.065284
0.401427
-0.115598
0.039107
0.040747
-0.218110
-0.268520
0.137614
0.069683
0.042314
-0.046756
0.121361
-0.157732
-0.009176
0.051111
-0.025876
-0.058414
-0.161244
-0.213859
-0.098723
-0.065284
0.401427
-0.115598
0.039107
0.040747
-0.218110
-0.268520
0.137614
0.069683
0.042314
-0.046756
0.121361
-0.157732
-0.009176
0.051111
-0.025876
-0.058414
-0.161244
-0.213859
-0.098723
-0.065284
0.401427
-0.115598
0.039107
0.040747
-0.218110
-0.268520
0.137614
0.069683
0.042314
-0.046756
0.121361
-0.157732
-0.009176
0.051111
-0.025876
-0.058414
-0.161244
-0.213859
-0.098723
-0.065284
0.401427
-0.115598
0.039107
0.040747
-0.218110
-0.268520
0.137614
0.069683
0.042314
-0.046756
0.121361
-0.157732
-0.009176
0.051111
-0.025876
-0.058414
-0.161244
-0.213859
-0.098723
-0.065284
0.401427
-0.115598
0.039107
0.040747
-0.218110
-0.268520
0.137614
0.069683
0.042314
-0.046756
0.121361
-0.157732
-0.009176
0.051111
-0.025876
-0.058414
-0.161244
-0.213859
-0.098723
-0.065284
0.401427
-0.115598
0.039107
0.040747
-0.218110
-0.268520
0.137614
0.069683
0.042314
-0.046756
0.121361
-0.157732
-0.009176
0.051111
-0.025876
-0.058414
-0.161244
-0.213859
-0.098723
-0.065284
0.401427
-0.115598
0.039107
0.040747
-0.218110
-0.268520
0.137614
0.069683
0.042314
-0.046756
0.121361
-0.157732
-0.009176
0.051111
-0.025876
-0.058414
-0.161244
-0.213859
-0.098723
-0.065284
0.401427
-0.115598
0.039107
0.040747
-0.218110
-0.268520
0.137614
0.069683
0.042314
-0.046756
0.121361
-0.157732
-0.009176
0.051111
-0.025876
-0.058414
-0.161244
-0.213859
-0.098723
-0.065284
0.401427
-0.115598
0.039107
0.040747
-0.218110
-0.268520
0.137614
0.069683
0.042314
-0.046756
0.121361
-0.157732
-0.009176
0.051111
-0.025876
-0.058414
-0.161244
-0.213859
-0.098723
-0.065284
0.401427
-0.115598
0.039107
0.040747
-0.218110
-0.268520
0.137614
0.069683
0.042314
-0.046756
0.121361
-0.157732
-0.009176
0.051111
-0.025876
-0.058414
-0.161244
-0.213859
-0.098723
-0.065284
0.401427
-0.115598
0.039107
0.040747
-0.218110
-0.268520
0.137614
0.069683
0.042314
-0.046756
0.121361
-0.157732
-0.009176
0.051111
-0.025876
-0.058414
-0.161244
-0.213859
-0.098723
-0.065284
0.401427
-0.115598
0.039107
0.040747
-0.218110
-0.268520
0.137614
0.069683
0.042314
-0.046756
0.121361
-0.157732
-0.009176
0.051111
-0.025876
-0.058414
-0.161244
-0.213859
-0.098723
-0.065284
0.401427
-0.115598
0.039107
0.040747
-0.218110
-0.268520
0.137614
0.069683
0.042314
-0.046756
0.121361
-0.157732
-0.009176
0.051111
-0.025876
-0.058414
-0.161244
-0.213859
-0.098723
-0.065284
0.401427
-0.115598
0.039107
0.040747
-0.218110
-0.268520
0.137614
0.069683
0.042314
-0.046756
0.121361
-0.157732
-0.009176
0.051111
-0.025876
-0.058414
-0.161244
-0.213859
-0.098723
-0.065284
0.401427
-0.115598
0.039107
0.040747
-0.218110
-0.268520
0.137614
0.069683
0.042314
-0.046756
0.121361
-0.157732
-0.009176
0.051111
-0.025876
-0.058414
-0.161244
-0.213859
-0.098723
-0.065284
0.401427
-0.115598
0.039107
0.040747
-0.218110
-0.268520
0.137614
0.069683
0.042314
-0.046756
0.121361
-0.157732
-0.009176
0.051111
-0.025876
-0.058414
-0.161244
-0.213859
-0.098723
-0.065284
0.401427
-0.115598
0.039107
0.040747
-0.218110
-0.268520
0.137614
0.069683
0.042314
-0.046756
0.121361
-0.157732
-0.009176
0.051111
-0.025876
-0.058414
-0.161244
-0.213859
-0.098723
-0.065284
0.401427
-0.115598
0.039107
0.040747
-0.218110
-0.268520
0.137614
0.069683
0.042314
-0.046756
0.121361
-0.157732
-0.009176
0.051111
-0.025876
-0.058414
-0.161244
-0.213859
-0.098723
-0.065284
0.401427
-0.115598
0.039107
0.040747
-0.218110
-0.268520
0.137614
0.069683
0.042314
-0.046756
0.121361
-0.157732
-0.009176
0.051111
-0.025876
-0.058414
-0.161244
-0.213859
-0.098723
-0.065284
0.401427
-0.115598
0.039107
0.040747
-0.218110
-0.268520
0.137614
0.069683
0.042314
-0.046756
0.121361
-0.157732
-0.009176
0.051111
-0.025876
-0.058414
-0.161244
-0.213859
-0.098723
-0.065284
0.401427
-0.115598
0.039107
0.040747
-0.218110
-0.268520
0.137614
0.069683
0.042314
-0.046756
0.121361
-0.157732
-0.009176
0.051111
-0.025876
-0.058414
-0.161244
-0.213859
-0.098723
-0.065284
0.401427
-0.115598
0.039107
0.040747
-0.218110
-0.268520
0.137614
0.069683
0.042314
-0.046756
0.121361
-0.157732
-0.009176
0.051111
-0.025876
-0.058414
-0.161244
-0.213859
-0.098723
-0.065284
0.401427
-0.115598
0.039107
0.040747
-0.218110
-0.268520
0.137614
0.069683
0.042314
-0.046756
0.121361
-0.157732
-0.009176
0.051111
-0.025876
-0.058414
-0.161244
-0.213859
-0.098723
-0.065284
0.401427
-0.115598
0.039107
0.040747
-0.218110
-0.268520
0.137614
0.069683
0.042314
-0.046756
0.121361
-0.157732
-0.009176
0.051111
-0.025876
-0.058414
-0.161244
-0.213859
-0.098723
-0.065284
0.401427
-0.115598
0.039107
0.040747
-0.218110
-0.268520
0.137614
0.069683
0.042314
-0.046756
0.121361
-0.157732
-0.009176
0.051111
-0.025876
-0.058414
-0.161244
-0.213859
-0.098723
-0.065284
0.401427
-0.115598
0.039107
0.040747
-0.218110
-0.268520
0.137614
0.069683
0.042314
-0.046756
0.121361
-0.157732
-0.009176
0.051111
-0.025876
-0.058414
-0.161244
-0.213859
-0.098723
-0.065284
0.401427
-0.115598
0.039107
0.040747
-0.218110
-0.268520
0.137614
0.069683
0.042314
-0.046756
0.121361
-0.157732
-0.009176
0.051111
-0.025876
-0.058414
-0.161244
-0.213859
-0.098723
-0.065284
0.401427
-0.115598
0.039107
0.040747
-0.218110
-0.268520
0.137614
0.069683
0.042314
-0.046756
0.121361
-0.157732
-0.009176
0.051111
-0.025876
-0.058414
-0.161244
-0.213859
-0.098723
-0.065284
0.401427
-0.115598
0.039107
0.040747
-0.218110
-0.268520
0.137614
0.069683
0.042314
-0.046756
0.121361
-0.157732
-0.009176
0.051111
-0.025876
-0.058414
-0.161244
-0.213859
-0.098723
-0.065284
0.401427
-0.115598
0.039107
0.040747
-0.218110
-0.268520
0.137614
0.069683
0.042314
-0.046756
0.121361
-0.157732
-0.009176
0.051111
-0.025876
-0.058414
-0.161244
-0.213859
-0.098723
-0.065284
0.401427
-0.115598
0.039107
0.040747
-0.218110
-0.268520
0.137614
0.069683
0.042314
-0.046756
0.121361
-0.157732
-0.009176
0.051111
-0.025876
-0.058414
-0.161244
-0.213859
-0.098723
-0.065284
0.401427
-0.115598
0.039107
0.040747
-0.218110
-0.268520
0.137614
0.069683
0.042314
-0.046756
0.121361
-0.157732
-0.009176
0.051111
-0.025876
-0.058414
-0.161244
-0.213859
-0.098723
-0.065284
0.401427
-0.115598
0.039107
0.040747
-0.218110
-0.268520
0.137614
0.069683
0.042314
-0.046756
0.121361
-0.157732
-0.009176
0.051111
-0.025876
-0.058414
-0.161244
-0.213859
-0.098723
-0.065284
0.401427
-0.115598
0.039107
0.040747
-0.218110
-0.268520
0.137614
0.069683
0.042314
-0.046756
0.121361
-0.157732
-0.009176
0.051111
-0.025876
-0.058414
-0.161244
-0.213859
-0.098723
-0.065284
0.401427
-0.115598
0.039107
0.040747
-0.218110
-0.268520
0.137614
0.069683
0.042314
-0.046756
0.121361
-0.157732
-0.009176
0.051111
-0.025876
-0.058414
-0.161244
-0.213859
-0.098723
-0.065284
0.401427
-0.115598
0.039107
0.040747
-0.218110
-0.268520
0.137614
0.069683
0.042314
-0.046756
0.121361
-0.157732
-0.009176
0.051111
-0.025876
-0.058414
-0.161244
-0.213859
-0.098723
-0.065284
0.401427
-0.115598
0.039107
0.040747
-0.218110
-0.268520
0.137614
0.069683
0.042314
-0.046756
0.121361
-0.157732
-0.009176
0.051111
-0.025876
-0.058414
-0.161244
-0.213859
-0.098723
-0.065284
0.401427
-0.115598
0.039107
0.040747
-0.218110
-0.268520
0.137614
0.069683
0.042314
-0.046756
0.121361
-0.157732
-0.009176
0.051111
-0.025876
-0.058414
-0.161244
-0.213859
-0.098723
-0.065284
0.401427
-0.115598
0.039107
0.040747
-0.218110
-0.268520
0.137614
0.069683
0.042314
-0.046756
0.121361
-0.157732
-0.009176
0.051111
-0.025876
-0.058414
-0.161244
-0.213859
-0.098723
-0.065284
0.401427
-0.115598
0.039107
0.040747
-0.218110
-0.268520
0.137614
0.069683
0.042314
-0.046756
0.121361
-0.157732
-0.009176
0.051111
-0.025876
-0.058414
-0.161244
-0.213859
-0.098723
-0.065284
0.401427
-0.115598
0.039107
0.040747
-0.218110
-0.268520
0.137614
0.069683
0.042314
-0.046756
0.121361
-0.157732
-0.009176
0.051111
-0.025876
-0.058414
-0.161244
-0.213859
-0.098723
-0.065284
0.401427
-0.115598
0.039107
0.040747
-0.218110
-0.268520
0.137614
0.069683
0.042314
-0.046756
0.121361
-0.086667
-0.029258
-0.040490
-0.019757
-0.167974
-0.161925
-0.187698
-0.061045
-0.027274
0.340759
-0.117287
0.048790
0.141959
-0.209767
-0.158941
0.073034
0.127265
-0.016501
-0.066386
0.237374
-0.021954
-0.066048
-0.170768
0.027075
-0.334212
-0.126331
-0.156223
-0.056225
0.031456
0.255564
-0.072274
0.003562
0.318356
-0.209557
0.126074
-0.043675
0.314878
-0.089130
-0.140802
0.517479
-0.139479
-0.076302
-0.135171
0.032701
-0.460855
-0.153278
-0.265662
-0.178440
-0.022360
0.222366
-0.039395
-0.047826
0.321170
-0.193699
0.326433
-0.103208
0.586208
-0.023338
-0.193094
0.671445
-0.159273
0.043236
-0.025563
0.105301
-0.614887
-0.385580
-0.553823
-0.313417
-0.045618
0.140891
-0.144850
0.093528
0.250887
-0.259884
0.359453
-0.127810
0.839138
0.103222
-0.071225
0.579890
-0.061601
0.163515
0.167449
0.341741
-0.438498
-0.631090
-0.825078
-0.507120
0.080697
0.240337
-0.143423
0.314963
0.139146
-0.449642
0.201173
-0.057003
0.931914
0.194568
0.148199
0.295355
0.013777
0.097346
0.234860
0.348739
-0.281221
-0.743544
-0.865240
-0.557602
0.148209
0.380962
-0.086980
0.475039
0.055926
-0.467482
-0.066372
-0.002228
0.819954
0.154263
0.264797
0.049556
0.037160
0.112849
0.230081
0.342492
-0.109713
-0.632467
-0.727102
-0.459958
0.158920
0.431496
-0.089566
0.421330
0.031680
-0.476713
-0.199824
0.074867
0.569643
0.129423
0.252638
-0.037014
-0.011548
-0.002244
0.164994
0.185385
-0.031591
-0.471026
-0.513350
-0.340826
0.103346
0.490201
-0.042472
0.320328
0.023412
-0.363206
-0.308705
0.105721
0.341956
0.053400
0.157304
-0.029917
-0.078151
0.010475
0.099231
0.084186
-0.032110
-0.291912
-0.339307
-0.194448
0.019336
0.436349
-0.091385
0.162014
0.038423
-0.296085
-0.288547
0.129951
0.170025
0.046965
0.048480
0.048734
-0.126811
-0.027017
0.065371
0.005850
-0.034407
-0.204725
-0.247012
-0.138282
-0.028344
0.434275
-0.085141
0.086972
0.040813
-0.237947
-0.288450
0.133966
0.099411
0.029576
-0.015583
0.093727
-0.157732
-0.009176
0.051111
-0.025876
-0.058414
-0.161244
-0.213859
-0.098723
-0.065284
0.401427
-0.115598
0.039107
0.040747
-0.218110
-0.268520
0.137614
0.069683
0.042314
-0.046756
0.121361
-0.157732
-0.009176
0.051111
-0.025876
-0.058414
-0.161244
-0.213859
-0.098723
-0.065284
0.401427
-0.115598
0.039107
0.040747
-0.218110
-0.268520
0.137614
0.069683
0.042314
-0.046756
0.121361
-0.157732
-0.009176
0.051111
-0.025876
-0.058414
-0.161244
-0.213859
-0.098723
-0.065284
0.401427
-0.115598
0.039107
0.040747
-0.218110
-0.268520
0.137614
0.069683
0.042314
-0.046756
0.121361
-0.157732
-0.009176
0.051111
-0.025876
-0.058414
-0.161244
-0.213859
-0.098723
-0.065284
0.401427
-0.115598
0.039107
0.040747
-0.218110
-0.268520
0.137614
0.069683
0.042314
-0.046756
0.121361
-0.157732
-0.009176
0.051111
-0.025876
-0.058414
-0.161244
-0.213859
-0.098723
-0.065284
0.401427
-0.115598
0.039107
0.040747
-0.218110
-0.268520
0.137614
0.069683
0.042314
-0.046756
0.121361
-0.157732
-0.009176
0.051111
-0.025876
-0.058414
-0.161244
-0.213859
-0.098723
-0.065284
0.401427
-0.115598
0.039107
0.040747
-0.218110
-0.268520
0.137614
0.069683
0.042314
-0.046756
0.121361
-0.157732
-0.009176
0.051111
-0.025876
-0.058414
-0.161244
-0.213859
-0.098723
-0.065284
0.401427
-0.115598
0.039107
0.040747
-0.218110
-0.268520
0.137614
0.069683
0.042314
-0.046756
0.121361
-0.157732
-0.009176
0.051111
-0.025876
-0.058414
-0.161244
-0.213859
-0.098723
-0.065284
0.401427
-0.115598
0.039107
0.040747
-0.218110
-0.268520
0.137614
0.069683
0.042314
-0.046756
0.121361
-0.157732
-0.009176
0.051111
-0.025876
-0.058414
-0.161244
-0.213859
-0.098723
-0.065284
0.401427
-0.115598
0.039107
0.040747
-0.218110
-0.268520
0.137614
0.069683
0.042314
-0.046756
0.121361
-0.157732
-0.009176
0.051111
-0.025876
-0.058414
-0.161244
-0.213859
-0.098723
-0.065284
0.401427
-0.115598
0.039107
0.040747
-0.218110
-0.268520
0.137614
0.069683
0.042314
-0.046756
0.121361
-0.157732
-0.009176
0.051111
-0.025876
-0.058414
-0.161244
-0.213859
-0.098723
-0.065284
0.401427
-0.115598
0.039107
0.040747
-0.218110
-0.268520
0.137614
0.069683
0.042314
-0.046756
0.121361
-0.157732
-0.009176
0.051111
-0.025876
-0.058414
-0.161244
-0.213859
-0.098723
-0.065284
0.401427
-0.115598
0.039107
0.040747
-0.218110
-0.268520
0.137614
0.069683
0.042314
-0.046756
0.121361
-0.157732
-0.009176
0.051111
-0.025876
-0.058414
-0.161244
-0.213859
-0.098723
-0.065284
0.401427
-0.115598
0.039107
0.040747
-0.218110
-0.268520
0.137614
0.069683
0.042314
-0.046756
0.121361
-0.157732
-0.009176
0.051111
-0.025876
-0.058414
-0.161244
-0.213859
-0.098723
-0.065284
0.401427
-0.115598
0.039107
0.040747
-0.218110
-0.268520
0.137614
0.069683
0.042314
-0.046756
0.121361
0.126961
0.017601
-0.278677
-0.121947
-0.479980
-0.136014
-0.058365
0.087373
0.094813
0.128358
-0.046905
0.061157
0.412854
-0.182112
-0.026049
-0.049246
0.161201
-0.205069
-0.097320
0.481819
0.171595
0.026135
-0.335733
-0.114966
-0.941353
0.056322
-0.014451
0.160049
0.339716
-0.222259
0.140995
-0.220387
0.667471
-0.131150
0.455481
-0.211465
0.362171
-0.452283
-0.333598
1.079914
-0.140822
-0.037624
-0.020298
-0.038278
-1.574998
-0.042239
-0.522076
0.032504
0.374986
-0.620300
0.142634
-0.454705
0.528607
0.006784
0.972502
-0.425721
0.700462
-0.487068
-0.516598
1.366542
-0.017799
0.258636
0.200946
0.598445
-1.856306
-0.386111
-1.197657
-0.264006
0.443497
-0.931591
0.192193
-0.164122
0.444351
-0.195601
1.462068
-0.560364
1.182391
-0.284639
-0.186690
1.233006
0.058581
0.004430
0.358117
1.224574
-1.545868
-0.594826
-1.685577
-0.686536
0.583866
-0.730930
0.431267
0.450544
0.188659
-0.335702
1.647828
-0.542948
1.762373
-0.179374
0.302888
0.881701
0.013790
-0.023214
0.173757
1.249289
-1.227967
-0.631281
-1.755293
-0.762249
0.558318
-0.550332
0.492289
0.733142
0.190591
-0.518790
1.591086
-0.519909
1.948683
-0.093567
0.551409
0.606400
0.008792
-0.040860
0.185144
1.143914
-0.910523
-0.703952
-1.609488
-0.837571
0.405004
-0.242322
0.326255
0.852757
0.095774
-0.530604
1.235467
-0.357594
1.943109
0.081860
0.610484
0.432643
0.049855
0.031092
0.086635
0.876213
-0.714593
-0.809679
-1.449845
-0.764646
0.408353
-0.039864
0.170495
0.839615
0.190183
-0.640273
0.857390
-0.298642
1.739499
0.081660
0.575321
0.298934
0.158969
0.064397
0.096874
0.718464
-0.602196
-0.858783
-1.192344
-0.737279
0.352989
0.153182
0.057342
0.720074
0.257223
-0.597529
0.569885
-0.226862
1.512550
0.097936
0.428229
0.351751
0.127152
0.043717
0.065235
0.539784
-0.582450
-0.820811
-1.041474
-0.667063
0.322461
0.217820
0.017147
0.576104
0.307500
-0.555923
0.456259
-0.221341
1.353092
0.057830
0.290011
0.413840
0.118816
0.084195
0.074250
0.476449
-0.622003
-0.803480
-0.959485
-0.632629
0.248937
0.213379
-0.044259
0.475478
0.320676
-0.506422
0.431811
-0.212193
1.273394
0.089044
0.203132
0.477179
0.118816
0.084195
0.074250
0.476449
-0.622003
-0.803480
-0.959485
-0.632629
0.248937
0.213379
-0.044259
0.475478
0.320676
-0.506422
0.431811
-0.212193
1.273394
0.089044
0.203132
0.477179
0.118816
0.084195
0.074250
0.476449
-0.622003
-0.803480
-0.959485
-0.632629
0.248937
0.213379
-0.044259
0.475478
0.320676
-0.506422
0.431811
-0.212193
1.273394
0.089044
0.203132
0.477179
0.118816
0.084195
0.074250
0.476449
-0.622003
-0.803480
-0.959485
-0.632629
0.248937
0.213379
-0.044259
0.475478
0.320676
-0.506422
0.431811
-0.212193
1.273394
0.089044
0.203132
0.477179
0.095127
0.090889
0.104784
0.474409
-0.585483
-0.803253
-0.968206
-0.645188
0.236267
0.233602
-0.043695
0.472251
0.286938
-0.509203
0.395285
-0.190667
1.254200
0.108649
0.209675
0.438509
0.002209
0.123314
0.240174
0.452656
-0.420076
-0.814433
-1.004962
-0.684623
0.178529
0.322910
-0.057003
0.477606
0.126526
-0.517649
0.190266
-0.086927
1.133852
0.191907
0.254187
0.228667
0.010876
0.153930
0.314683
0.406729
-0.264092
-0.841517
-0.987396
-0.630452
0.155937
0.390089
-0.113974
0.544837
-0.002428
-0.519100
-0.109529
0.018772
0.882975
0.214372
0.336811
-0.047613
0.101070
0.125125
0.264017
0.393929
-0.064812
-0.719138
-0.790419
-0.495296
0.211018
0.465415
-0.088440
0.518417
0.010035
-0.520579
-0.284899
0.089920
0.563940
0.125350
0.330769
-0.143218
0.028795
-0.022092
0.153626
0.206541
0.035153
-0.450639
-0.471807
-0.328565
0.142454
0.527906
-0.010123
0.327439
0.037544
-0.376658
-0.343583
0.118102
0.283435
0.019547
0.162968
-0.047513
-0.113068
-0.034947
0.071708
0.019950
-0.023737
-0.224050
-0.261747
-0.155863
-0.011926
0.448874
-0.071605
0.108246
0.040843
-0.246763
-0.297308
0.132345
0.112623
0.023915
-0.001728
0.081445
-0.157732
-0.009176
0.051111
-0.025876
-0.058414
-0.161244
-0.213859
-0.098723
-0.065284
0.401427
-0.115598
0.039107
0.040747
-0.218110
-0.268520
0.137614
0.069683
0.042314
-0.046756
0.121361
-0.157732
-0.009176
0.051111
-0.025876
-0.058414
-0.161244
-0.213859
-0.098723
-0.065284
0.401427
-0.115598
0.039107
0.040747
-0.218110
-0.268520
0.137614
0.069683
0.042314
-0.046756
0.121361
-0.157732
-0.009176
0.051111
-0.025876
-0.058414
-0.161244
-0.213859
-0.098723
-0.065284
0.401427
-0.115598
0.039107
0.040747
-0.218110
-0.268520
0.137614
0.069683
0.042314
-0.046756
0.121361
-0.157732
-0.009176
0.051111
-0.025876
-0.058414
-0.161244
-0.213859
-0.098723
-0.065284
0.401427
-0.115598
0.039107
0.040747
-0.218110
-0.268520
0.137614
0.069683
0.042314
-0.046756
0.121361
0.242624
0.250066
-0.126270
-0.387127
-0.459501
-0.015467
0.146700
0.260641
0.090441
-0.036579
0.160645
-0.027237
0.413809
-0.108700
-0.301987
-0.046562
-0.023558
-0.351175
-0.041320
0.355627
0.300942
0.192426
0.410651
-0.446935
-1.007525
0.370981
0.228557
0.632058
0.522907
-0.714408
0.339459
-0.577373
0.344459
0.154438
0.128632
-0.334254
-0.193355
-0.940043
-0.426134
0.906703
0.065841
0.090827
0.763816
-0.096714
-1.524327
0.545454
-0.121454
0.665494
0.733320
-1.282619
0.657466
-1.112406
0.136408
0.278600
0.803220
-0.759138
-0.370145
-1.264826
-0.736234
1.133400
0.122058
-0.153206
0.869657
0.892752
-1.762681
0.702925
-0.457558
0.443785
0.496800
-1.778761
0.835744
-0.781766
-0.119697
0.663471
1.517733
-0.881107
0.077157
-1.171152
-0.375537
0.918334
-0.052660
-0.414144
0.583712
1.490312
-1.540380
0.837650
-0.964492
0.235841
0.886096
-2.064772
0.944818
-0.040092
-0.094391
0.614651
2.260906
-0.836001
0.521486
-1.193817
0.132936
0.547958
-0.184259
-0.490671
0.341840
1.497142
-1.508090
0.694681
-1.191754
0.043205
0.953745
-2.051759
0.888719
0.299859
-0.004765
0.667860
2.540493
-0.864242
0.946299
-1.134209
0.392029
0.558079
-0.277731
-0.363156
0.250750
1.451545
-1.646090
0.482457
-1.430315
-0.146335
0.878427
-1.890002
0.772469
0.385405
0.129184
0.465044
2.698330
-0.762640
1.259847
-0.835754
0.343572
0.753383
-0.248105
-0.152458
0.200521
1.324465
-1.676486
0.101529
-1.680822
-0.361348
0.826163
-1.626344
0.744187
0.580430
0.113077
0.168772
2.481517
-0.725542
1.649481
-0.600754
0.541329
0.763742
-0.060148
-0.036109
0.195773
1.286965
-1.803252
-0.168071
-1.787931
-0.424362
0.828654
-1.411295
0.694589
0.641325
0.191618
-0.133749
2.173740
-0.638070
1.789165
-0.481585
0.543375
0.813222
0.056853
0.033168
0.202510
1.247195
-1.786870
-0.336340
-1.822647
-0.463399
0.951950
-1.248556
0.704805
0.596959
0.259100
-0.344754
1.982504
-0.647002
1.794505
-0.511737
0.517162
0.873706
0.093422
-0.002009
0.228925
1.194027
-1.864070
-0.385062
-1.759526
-0.489026
0.872024
-1.145181
0.727766
0.482884
0.286283
-0.332072
1.866121
-0.641314
1.756490
-0.494804
0.391065
0.961477
0.087722
0.053103
0.241419
1.214244
-1.889234
-0.396886
-1.790608
-0.482954
0.859026
-1.184722
0.681926
0.478610
0.279449
-0.352670
1.887583
-0.636575
1.770720
-0.460894
0.401753
0.956810
0.095852
0.044354
0.276765
1.236392
-1.840862
-0.433476
-1.823857
-0.522313
0.878661
-1.142511
0.704643
0.517455
0.251595
-0.370268
1.836835
-0.621509
1.774634
-0.456360
0.434192
0.898850
0.125548
0.041598
0.253039
1.230246
-1.859173
-0.439404
-1.811249
-0.498032
0.889465
-1.155731
0.693531
0.533602
0.269548
-0.366770
1.828752
-0.629414
1.755186
-0.475763
0.440924
0.897233
0.101617
0.006047
0.265709
1.283041
-1.794148
-0.413375
-1.806887
-0.520140
0.885329
-1.110285
0.692149
0.508067
0.259134
-0.376915
1.876110
-0.627329
1.768290
-0.461030
0.419871
0.918883
-0.157017
-0.090604
0.461290
1.371879
-1.433548
-0.454041
-1.925926
-0.709881
0.673805
-0.819564
0.604487
0.518929
-0.015090
-0.389415
1.772533
-0.520334
1.806416
-0.214483
0.448795
0.671372
-0.232238
0.012187
0.496178
1.319219
-0.859973
-0.626027
-1.911199
-0.856502
0.358441
-0.394806
0.462365
0.804250
-0.255417
-0.497454
1.236127
-0.294208
1.704269
0.142880
0.714814
0.068607
-0.008886
0.031151
0.332578
1.117567
-0.303770
-0.688293
-1.551455
-0.754315
0.314203
0.014578
0.279333
1.103855
-0.270303
-0.596067
0.501945
-0.037886
1.377231
0.206660
0.921283
-0.360873
0.043437
-0.061080
0.144755
0.658876
0.081159
-0.496027
-0.959623
-0.474901
0.380580
0.348994
0.178107
0.816484
-0.086538
-0.602011
-0.024681
0.084372
0.770272
0.012863
0.636846
-0.320395
-0.078791
-0.106245
0.068941
0.134251
0.050659
-0.280353
-0.404017
-0.234049
0.120841
0.478910
0.038994
0.288015
0.021859
-0.332530
-0.276327
0.116509
0.249121
-0.030333
0.146183
-0.029918
-0.157732
-0.009176
0.051111
-0.025876
-0.058414
-0.161244
-0.213859
-0.098723
-0.065284
0.401427
-0.115598
0.039107
0.040747
-0.218110
-0.268520
0.137614
0.069683
0.042314
-0.046756
0.121361
-0.157732
-0.009176
0.051111
-0.025876
-0.058414
-0.161244
-0.213859
-0.098723
-0.065284
0.401427
-0.115598
0.039107
0.040747
-0.218110
-0.268520
0.137614
0.069683
0.042314
-0.046756
0.121361
-0.157732
-0.009176
0.051111
-0.025876
-0.058414
-0.161244
-0.213859
-0.098723
-0.065284
0.401427
-0.115598
0.039107
0.040747
-0.218110
-0.268520
0.137614
0.069683
0.042314
-0.046756
0.121361
-0.157732
-0.009176
0.051111
-0.025876
-0.058414
-0.161244
-0.213859
-0.098723
-0.065284
0.401427
-0.115598
0.039107
0.040747
-0.218110
-0.268520
0.137614
0.069683
0.042314
-0.046756
0.121361
0.134847
0.134088
0.435227
-0.402287
-0.029609
0.057182
0.168971
0.220468
-0.053567
-0.021722
0.085052
-0.215259
0.129410
0.071299
-0.445033
-0.101498
-0.034159
-0.229072
0.005553
0.232977
0.197379
-0.117550
1.103525
-0.715428
-0.071625
0.402887
0.597839
0.632208
0.382693
-0.627044
0.251042
-0.787851
-0.116449
0.495997
-0.626629
-0.354076
-0.677780
-0.519585
-0.377970
0.605258
0.024503
-0.697342
1.287716
0.034567
-0.063229
0.711083
0.919803
0.881868
0.383193
-1.250947
0.360570
-1.417777
-0.496956
0.980901
-0.611047
-0.753464
-1.019971
-0.794642
-0.566767
0.528558
-0.010940
-1.100352
1.007955
0.771244
0.146442
1.152276
1.255627
0.683029
0.224792
-1.776124
0.632251
-1.179747
-0.401639
1.466761
-0.226306
-0.822716
-1.201637
-0.929353
-0.536851
-0.019518
-0.161541
-1.113932
0.709137
0.874667
0.642894
1.503783
1.219041
0.498602
0.526789
-2.179887
0.664827
-0.288275
-0.472246
1.645338
0.446276
-0.914594
-0.835137
-1.124722
-0.045430
-0.461443
-0.243641
-0.968109
0.458861
0.791573
0.450940
1.588593
1.013926
0.460223
0.724004
-2.350476
0.603547
-0.174246
-0.368159
1.462914
0.765525
-0.991774
-0.796019
-1.328177
-0.001252
-0.347757
-0.143290
-0.772932
0.545050
0.862169
-0.077113
1.558591
0.588480
0.465681
0.840326
-2.362461
0.656298
-0.168024
-0.249269
1.347717
1.357361
-1.012614
-0.597178
-1.470824
-0.091371
-0.045746
-0.303826
-0.675858
0.736445
1.107729
-0.388089
1.467535
0.051993
0.381899
0.765606
-2.348785
0.712597
-0.221955
-0.338632
1.303582
1.841133
-0.994005
-0.286346
-1.390505
0.005223
0.096208
-0.188477
-0.469848
0.817813
1.082601
-0.801134
1.298868
-0.332089
0.436227
0.771547
-2.362218
0.898079
-0.005678
-0.305442
1.235928
2.131342
-0.986573
0.010406
-1.414871
0.200099
0.088258
-0.132638
-0.410622
0.877585
1.240045
-0.914032
1.249622
-0.525866
0.473761
0.900762
-2.351131
0.966560
0.020141
-0.365303
1.072721
2.222295
-0.964512
0.212966
-1.439787
0.331873
0.188701
-0.165327
-0.478847
0.898318
1.170630
-1.094743
1.215800
-0.601934
0.504083
0.908303
-2.288883
1.104352
-0.108631
-0.332145
1.023394
2.200457
-1.000981
0.221922
-1.542296
0.226570
0.228157
-0.152038
-0.382196
0.959352
1.259283
-1.157184
1.183300
-0.651430
0.476056
0.834615
-2.350206
1.033416
-0.112812
-0.370827
1.034583
2.260325
-0.986553
0.262770
-1.443223
0.241044
0.239653
-0.181844
-0.431366
1.018143
1.346337
-1.019144
1.134204
-0.764480
0.390404
0.873419
-2.265481
1.077540
0.000804
-0.455972
0.975551
2.213116
-0.958091
0.322875
-1.419889
0.344897
0.089602
0.057679
-0.442746
0.727256
1.301430
-1.262686
1.114507
-0.638553
0.521262
0.954521
-2.398761
1.077241
0.086238
-0.174967
0.988493
2.372993
-1.098919
0.401812
-1.571375
0.344410
0.305048
0.011229
-0.529144
0.620769
1.411186
-1.342011
1.242287
-0.594204
0.447104
1.055084
-2.401014
1.149352
-0.070966
-0.020966
0.952998
2.730574
-1.147129
0.617855
-1.602118
0.173865
0.708139
-0.604162
-0.718684
0.737026
1.485874
-1.353769
0.953403
-1.138461
-0.010362
0.775138
-2.096859
0.879646
-0.045302
-0.371494
0.924440
2.753506
-0.981953
0.904784
-1.121256
0.112624
0.553879
-0.683375
-0.404146
0.757807
1.964211
-0.874303
0.238836
-1.823378
-0.560239
0.391154
-1.584422
0.373159
0.635185
-0.596415
0.519768
2.399266
-0.615583
1.315888
-0.294167
0.707648
-0.241477
-0.226709
-0.243140
0.426718
1.793924
-0.019637
-0.271571
-1.741934
-0.844082
0.452821
-0.688518
0.412631
1.544702
-0.396043
0.053186
1.532671
-0.217927
1.440801
0.009989
1.293271
-0.844007
-0.163181
-0.237435
0.137660
0.900438
0.361285
-0.249738
-1.109294
-0.573949
0.495436
-0.004429
0.286701
1.347095
-0.269030
-0.207408
0.583141
0.028779
1.018989
-0.051282
1.065820
-0.641937
-0.215723
-0.129791
0.001385
0.147292
0.129902
-0.158787
-0.499154
-0.189497
0.206960
0.313623
0.046874
0.450467
-0.039869
-0.304818
-0.066700
0.089946
0.354049
-0.073305
0.319355
-0.141057
-0.157732
-0.009176
0.051111
-0.025876
-0.058414
-0.161244
-0.213859
-0.098723
-0.065284
0.401427
-0.115598
0.039107
0.040747
-0.218110
-0.268520
0.137614
0.069683
0.042314
-0.046756
0.121361
-0.157732
-0.009176
0.051111
-0.025876
-0.058414
-0.161244
-0.213859
-0.098723
-0.065284
0.401427
-0.115598
0.039107
0.040747
-0.218110
-0.268520
0.137614
0.069683
0.042314
-0.046756
0.121361
-0.157732
-0.009176
0.051111
-0.025876
-0.058414
-0.161244
-0.213859
-0.098723
-0.065284
0.401427
-0.115598
0.039107
0.040747
-0.218110
-0.268520
0.137614
0.069683
0.042314
-0.046756
0.121361
-0.157732
-0.009176
0.051111
-0.025876
-0.058414
-0.161244
-0.213859
-0.098723
-0.065284
0.401427
-0.115598
0.039107
0.040747
-0.218110
-0.268520
0.137614
0.069683
0.042314
-0.046756
0.121361
-0.064475
-0.130670
0.411695
-0.339309
0.179298
-0.102701
-0.099199
-0.089159
0.065110
0.148557
-0.355902
-0.260746
0.035765
0.129475
-0.750914
0.010321
-0.222670
0.107658
-0.015845
0.274917
0.023141
-0.360585
0.757020
-0.267351
0.785009
0.022922
0.430654
0.308852
0.272891
-0.227117
-0.393725
-0.816196
0.079498
0.632054
-1.294071
-0.343554
-0.606201
0.173517
-0.154240
0.322589
-0.282644
-0.976297
0.496937
0.367765
1.146637
0.084546
1.139268
0.332832
0.221316
-0.629915
-0.354605
-1.195453
-0.166373
0.934302
-2.065611
-0.526075
-1.150572
0.094076
-0.285465
-0.102375
-0.261690
-1.422420
0.217362
0.587350
1.706349
0.437152
1.668280
0.224798
0.143612
-1.042157
-0.155546
-0.788272
-0.072449
0.837869
-2.219096
-0.653119
-1.237693
-0.207700
-0.325291
-0.667291
-0.447286
-1.616166
0.096053
0.409144
2.406084
0.573509
2.172555
0.236128
0.108392
-1.567677
-0.029915
-0.410092
-0.070333
0.855685
-2.046195
-0.641698
-1.268364
-0.020576
-0.230412
-0.601102
-0.349821
-1.528200
0.299911
0.221467
2.371709
0.694060
2.350835
0.357398
0.093093
-1.785735
0.094662
-0.410105
-0.156235
0.887106
-1.894026
-0.610618
-1.243036
-0.205768
-0.228776
-0.420288
-0.253844
-1.466811
0.349487
0.221013
1.977893
0.933110
2.410851
0.523543
0.140720
-1.958364
0.364767
-0.576992
-0.233233
1.053786
-1.529482
-0.692368
-1.326950
-0.393211
-0.337610
-0.265611
-0.363201
-1.537731
0.549643
0.503259
1.745080
1.180618
2.061869
0.338498
0.266509
-1.988244
0.191280
-0.615557
-0.436302
1.283611
-1.004367
-0.677826
-1.308562
-0.508510
-0.361436
-0.278103
-0.276723
-1.440613
0.526770
0.574069
1.601731
1.332985
1.853702
0.303455
0.301624
-2.074073
0.253346
-0.472068
-0.370326
1.559590
-0.530097
-0.849933
-1.183010
-0.540836
-0.184549
-0.376072
-0.322332
-1.472678
0.730566
0.643958
1.518090
1.437373
1.714055
0.285356
0.418494
-2.136729
0.181917
-0.356931
-0.520041
1.823607
-0.289216
-0.802526
-1.105703
-0.561956
-0.087356
-0.378795
-0.392551
-1.446880
0.746356
0.600070
1.360303
1.437611
1.533483
0.369937
0.582022
-2.205771
0.235875
-0.444131
-0.564214
1.777142
-0.180685
-0.948388
-1.135650
-0.743380
-0.070649
-0.432341
-0.337155
-1.494702
0.807821
0.763662
1.308886
1.455525
1.567338
0.305108
0.453089
-2.188734
0.265987
-0.477871
-0.576121
1.872339
-0.128446
-0.917588
-1.139854
-0.667401
-0.134770
-0.397270
-0.392113
-1.585908
0.673230
0.864187
1.325868
1.462263
1.453724
0.274430
0.526365
-2.235416
0.231975
-0.313455
-0.554017
1.853082
0.102285
-0.964264
-0.969449
-0.674984
-0.026796
-0.399963
0.026517
-1.386541
0.183940
0.590663
0.833733
1.532596
1.781461
0.515357
0.677522
-2.581533
0.470075
-0.283017
0.025499
1.878554
0.289979
-1.164649
-0.817680
-0.975855
-0.034881
0.044611
-0.189869
-1.456726
0.523639
0.602598
0.292388
1.697912
1.577659
0.548031
0.960503
-2.934385
0.493957
-0.656959
-0.058669
1.974493
0.753283
-1.241554
-0.621001
-1.209579
-0.389183
0.584369
-0.783257
-1.284506
0.789077
1.200862
-0.030052
1.245734
0.470127
0.052318
0.844112
-2.771342
0.426556
-0.674707
-0.494459
1.567089
1.286425
-1.286592
-0.327476
-0.971916
-0.440335
0.205742
-0.615181
-1.009185
0.435795
2.265376
0.174567
0.550774
-0.580155
-0.866828
0.392739
-1.999361
0.277413
0.634784
-0.727181
1.004779
1.509664
-0.845024
0.438253
-0.266285
0.457760
-0.722319
-0.323159
-0.805700
-0.082158
2.106377
0.988027
0.384325
-0.968910
-1.081540
0.524534
-1.076888
0.324439
1.872075
-0.411725
0.346127
1.420458
-0.334986
1.102240
-0.044741
1.347490
-1.235831
-0.423469
-0.545732
-0.166684
0.791835
0.983805
0.216565
-0.664283
-0.646717
0.486432
-0.283222
0.090648
1.507006
-0.187054
0.116965
0.745549
-0.033174
0.796884
-0.006148
1.010940
-0.724284
-0.353597
-0.091711
-0.049278
0.020193
0.289865
-0.054407
-0.369708
-0.182982
0.166957
0.151761
-0.144276
0.490002
-0.072338
-0.114089
0.051309
0.057141
0.284973
0.002290
0.339629
-0.119233
-0.157732
-0.009176
0.051111
-0.025876
-0.058414
-0.161244
-0.213859
-0.098723
-0.065284
0.401427
-0.115598
0.039107
0.040747
-0.218110
-0.268520
0.137614
0.069683
0.042314
-0.046756
0.121361
-0.157732
-0.009176
0.051111
-0.025876
-0.058414
-0.161244
-0.213859
-0.098723
-0.065284
0.401427
-0.115598
0.039107
0.040747
-0.218110
-0.268520
0.137614
0.069683
0.042314
-0.046756
0.121361
-0.157732
-0.009176
0.051111
-0.025876
-0.058414
-0.161244
-0.213859
-0.098723
-0.065284
0.401427
-0.115598
0.039107
0.040747
-0.218110
-0.268520
0.137614
0.069683
0.042314
-0.046756
0.121361
-0.157732
-0.009176
0.051111
-0.025876
-0.058414
-0.161244
-0.213859
-0.098723
-0.065284
0.401427
-0.115598
0.039107
0.040747
-0.218110
-0.268520
0.137614
0.069683
0.042314
-0.046756
0.121361
0.004939
0.092177
0.010254
-0.069120
0.241460
-0.157951
-0.265574
-0.187642
0.042273
0.488971
-0.431167
-0.118805
0.220950
-0.082772
-0.631376
-0.079703
-0.058565
-0.035037
-0.031231
0.093924
-0.121692
0.028142
-0.007774
0.142128
0.804532
-0.238880
-0.048196
-0.073287
0.214843
0.335100
-0.563349
-0.442054
0.277070
0.122693
-1.162384
-0.291542
-0.282383
0.150087
0.102752
-0.117165
-0.174545
-0.364927
-0.053491
0.543408
1.174652
-0.194229
0.372441
-0.021267
0.090435
0.242725
-0.651211
-0.487318
0.328889
-0.017980
-1.698639
-0.376460
-0.467946
-0.053071
-0.094278
-0.484099
-0.266285
-0.650826
-0.309418
0.399670
1.556189
-0.340901
0.768495
0.060725
-0.018368
-0.067193
-0.373023
-0.239745
0.317489
-0.236175
-2.042170
-0.511535
-0.637800
-0.182443
-0.097480
-0.699993
-0.262431
-0.665556
-0.251028
0.293279
2.110553
-0.405175
1.096296
0.148229
-0.063070
-0.370238
-0.384491
-0.206891
0.491851
-0.369047
-2.261631
-0.302729
-0.696058
-0.028123
-0.058773
-0.571033
-0.323878
-0.859236
-0.125559
0.294866
2.283492
-0.421109
1.347475
0.236335
-0.092344
-0.604400
-0.456541
-0.426262
0.446878
-0.145983
-2.534868
-0.298568
-0.875656
0.135547
-0.089327
-0.432921
-0.313341
-1.050339
0.051790
0.268784
2.324882
-0.318206
1.668421
0.383109
-0.071041
-0.877408
-0.271161
-0.572921
0.359147
0.072077
-2.694259
-0.342175
-1.045810
0.089728
-0.167566
-0.461748
-0.396494
-1.275900
-0.124804
0.384215
2.408137
-0.180862
1.899144
0.309934
-0.034672
-1.008802
-0.214115
-0.547779
0.255154
0.138906
-2.733962
-0.363850
-1.201418
0.084884
-0.288106
-0.486962
-0.399022
-1.335693
-0.271914
0.460550
2.557837
-0.003071
2.023644
0.192004
-0.074083
-1.190085
-0.228321
-0.495748
0.249182
0.282515
-2.719655
-0.431443
-1.164414
0.096571
-0.155927
-0.586438
-0.400001
-1.365934
-0.190729
0.410469
2.745974
0.199978
2.071487
0.123539
0.065680
-1.249942
-0.300904
-0.407811
0.295455
0.396454
-2.551631
-0.433633
-1.220408
0.164077
-0.218469
-0.557278
-0.476855
-1.439960
-0.229098
0.443925
2.746620
0.196321
2.078451
0.116816
0.096087
-1.302248
-0.366765
-0.447054
0.122855
0.505957
-2.604970
-0.576233
-1.221735
0.139647
-0.133502
-0.561486
-0.416175
-1.508622
-0.272322
0.567100
2.666183
0.275114
2.122245
0.127810
0.060402
-1.316933
-0.303254
-0.481442
0.218899
0.501300
-2.548023
-0.551865
-1.263503
0.090496
-0.237703
-0.598314
-0.236723
-1.494986
-0.719288
0.527671
2.353601
0.283583
2.205929
0.198385
0.258195
-1.576165
-0.302273
-0.294465
0.573642
0.539219
-2.171147
-0.721645
-1.085859
-0.099051
-0.209938
-0.286873
0.081674
-1.223353
-0.541383
0.214963
1.846325
0.612725
2.494873
0.516365
0.420740
-2.211040
0.088051
-0.674586
0.966313
0.747373
-1.759943
-1.071350
-0.808031
-0.605380
-0.329006
0.323288
-0.361256
-1.276199
0.521298
0.081295
1.318688
0.725806
2.048396
0.568198
0.729773
-2.741924
0.276634
-1.208901
0.357397
0.936310
-1.323854
-1.281670
-0.941215
-0.788606
-0.788500
0.616270
-0.711215
-1.453083
0.802648
1.535162
1.069754
0.279540
1.030950
0.133684
0.498511
-2.782711
0.293685
-0.903604
-0.522910
0.583132
-0.756917
-1.272511
-0.637234
-0.470097
-0.418570
-0.099887
-0.339488
-1.609879
-0.027156
2.751275
1.447396
0.214042
0.530970
-0.611708
0.039701
-1.995468
0.744872
0.761511
-0.375207
0.188912
-0.014421
-0.662852
0.116055
-0.240844
0.425347
-1.194404
-0.489637
-1.238171
-0.587986
1.730041
1.970572
0.398304
0.184359
-0.833584
0.237373
-1.264992
0.544955
1.987937
-0.201658
0.112093
0.511735
-0.110144
0.674133
-0.134399
1.171576
-1.395763
-0.557039
-0.439383
-0.434455
0.326649
1.460939
0.258984
-0.037442
-0.458653
0.329905
-0.503285
-0.067874
1.324732
0.045507
-0.117675
0.345118
0.100926
0.464857
0.048171
0.770377
-0.568830
-0.314362
-0.070045
-0.086068
-0.029295
0.433421
-0.085424
-0.109348
-0.221933
0.009594
0.167200
-0.280985
0.331263
0.022469
-0.130189
-0.150674
0.116890
0.147812
0.160187
0.168214
0.076763
-0.157732
-0.009176
0.051111
-0.025876
-0.058414
-0.161244
-0.213859
-0.098723
-0.065284
0.401427
-0.115598
0.039107
0.040747
-0.218110
-0.268520
0.137614
0.069683
0.042314
-0.046756
0.121361
-0.157732
-0.009176
0.051111
-0.025876
-0.058414
-0.161244
-0.213859
-0.098723
-0.065284
0.401427
-0.115598
0.039107
0.040747
-0.218110
-0.268520
0.137614
0.069683
0.042314
-0.046756
0.121361
-0.157732
-0.009176
0.051111
-0.025876
-0.058414
-0.161244
-0.213859
-0.098723
-0.065284
0.401427
-0.115598
0.039107
0.040747
-0.218110
-0.268520
0.137614
0.069683
0.042314
-0.046756
0.121361
-0.157732
-0.009176
0.051111
-0.025876
-0.058414
-0.161244
-0.213859
-0.098723
-0.065284
0.401427
-0.115598
0.039107
0.040747
-0.218110
-0.268520
0.137614
0.069683
0.042314
-0.046756
0.121361
-0.104710
0.043116
0.010567
-0.014080
0.022199
-0.160000
-0.234127
-0.121746
-0.044689
0.449737
-0.191496
0.010830
0.103955
-0.202336
-0.342243
0.069288
0.057785
0.000745
-0.043200
0.096175
-0.111792
0.096824
-0.059493
0.065259
0.203268
-0.187889
-0.218146
-0.126026
0.004959
0.473101
-0.262061
-0.060361
0.161922
-0.182491
-0.494170
-0.026266
0.019487
0.002068
0.011163
-0.005216
-0.172467
-0.007410
-0.043326
0.168721
0.312829
-0.194473
-0.129265
-0.105951
-0.012480
0.438973
-0.272906
-0.058497
0.152428
-0.264429
-0.625937
-0.022972
-0.020234
-0.017008
-0.005533
-0.124774
-0.124304
-0.090910
-0.071553
0.127149
0.416523
-0.234807
-0.043638
-0.061172
-0.081510
0.411531
-0.256604
0.019170
0.202095
-0.372398
-0.731831
-0.079703
-0.046318
-0.127639
-0.070946
-0.158532
-0.122659
0.014077
-0.158602
0.114454
0.641142
-0.354118
0.040056
0.004724
-0.087543
0.349108
-0.219970
-0.019809
0.292440
-0.391846
-0.855376
-0.105914
-0.074730
-0.101594
0.007717
-0.177737
-0.093208
0.061325
-0.156737
0.228495
0.866848
-0.353073
0.073135
-0.038530
-0.049535
0.383734
-0.394145
-0.124310
0.397613
-0.393964
-1.096262
-0.128485
-0.137798
-0.127401
0.025699
-0.275570
-0.131960
-0.091644
-0.145150
0.259576
1.120049
-0.381920
0.187228
0.003363
0.001010
0.304055
-0.475569
-0.205277
0.404140
-0.355324
-1.411119
-0.279686
-0.279101
-0.121209
0.024780
-0.390971
-0.179140
-0.238300
-0.189864
0.418453
1.358402
-0.447732
0.466734
0.155990
-0.096929
0.176201
-0.360781
-0.198432
0.446473
-0.464775
-1.587534
-0.287053
-0.325396
-0.165172
-0.036144
-0.521062
-0.199183
-0.341551
-0.278784
0.354912
1.503295
-0.517753
0.635227
0.110283
-0.173062
0.051467
-0.336929
-0.136365
0.462077
-0.545372
-1.837107
-0.266256
-0.449993
-0.244969
-0.047293
-0.587623
-0.180778
-0.311479
-0.261870
0.287127
1.784464
-0.521069
0.749436
0.200368
-0.121670
-0.074770
-0.280966
-0.100872
0.549457
-0.582726
-1.848611
-0.249503
-0.431434
-0.156783
-0.002725
-0.555390
-0.243018
-0.401839
-0.291648
0.427425
1.854555
-0.533354
0.876794
0.178386
-0.196976
-0.119083
-0.389661
-0.218024
0.535466
-0.516042
-2.011574
-0.221538
-0.510040
-0.097677
-0.036052
-0.527440
-0.088053
-0.433359
-0.491070
0.376272
1.619619
-0.508221
0.952294
0.267847
-0.090166
-0.251510
-0.246102
-0.117260
0.706199
-0.539681
-1.837302
-0.367404
-0.438537
-0.310828
-0.072685
-0.456834
0.273003
-0.215332
-0.816357
0.149515
1.137105
-0.275512
1.355307
0.570031
0.084023
-0.788607
0.098356
-0.214606
1.225349
-0.516794
-1.450201
-0.616499
-0.254450
-0.732443
-0.174834
0.113361
0.208270
-0.357886
0.197292
-0.285745
0.532171
0.076057
1.262732
0.750748
0.488999
-1.713286
0.129456
-0.984619
1.012183
0.024819
-1.176463
-0.991517
-0.371014
-1.138945
-0.535502
0.884478
-0.261401
-0.666832
1.380020
0.453245
0.681807
-0.001869
0.693501
0.747569
0.689252
-2.299395
0.199805
-1.642224
0.260031
0.361230
-0.820510
-1.373465
-0.552107
-0.815516
-0.747943
0.801934
-0.479898
-1.347386
0.844026
2.431525
1.030736
-0.384271
0.472319
0.070083
0.091927
-2.168434
0.445306
-0.713564
-0.444744
0.460277
-0.874435
-1.105034
-0.264399
-0.283626
0.001518
-0.568703
-0.379140
-1.593402
-0.222670
2.809716
1.805568
-0.030362
0.427028
-0.483622
0.030388
-1.722037
0.833308
1.316790
-0.277043
-0.074769
-0.331644
-0.406016
0.409401
-0.396738
0.930477
-1.895015
-0.526441
-1.131381
-0.648853
1.060194
2.273288
0.132889
0.448761
-0.598684
0.259523
-1.058182
0.448028
1.994306
0.076189
-0.347853
-0.014246
0.006395
0.465234
-0.254179
0.952590
-1.362503
-0.471259
-0.247919
-0.393645
-0.036361
1.421684
-0.123439
0.284844
-0.258570
0.074997
-0.379546
-0.075536
0.970970
0.131061
-0.349223
-0.165773
0.168917
0.251870
0.139708
0.508452
-0.218544
-0.214690
-0.000404
-0.037413
-0.006879
0.335257
-0.179059
-0.002943
-0.129616
-0.129401
0.232980
-0.199846
0.110580
0.135382
-0.295913
-0.346918
0.261966
0.076215
0.169908
0.016880
0.197733
-0.157732
-0.009176
0.051111
-0.025876
-0.058414
-0.161244
-0.213859
-0.098723
-0.065284
0.401427
-0.115598
0.039107
0.040747
-0.218110
-0.268520
0.137614
0.069683
0.042314
-0.046756
0.121361
-0.157732
-0.009176
0.051111
-0.025876
-0.058414
-0.161244
-0.213859
-0.098723
-0.065284
0.401427
-0.115598
0.039107
0.040747
-0.218110
-0.268520
0.137614
0.069683
0.042314
-0.046756
0.121361
-0.157732
-0.009176
0.051111
-0.025876
-0.058414
-0.161244
-0.213859
-0.098723
-0.065284
0.401427
-0.115598
0.039107
0.040747
-0.218110
-0.268520
0.137614
0.069683
0.042314
-0.046756
0.121361
-0.157732
-0.009176
0.051111
-0.025876
-0.058414
-0.161244
-0.213859
-0.098723
-0.065284
0.401427
-0.115598
0.039107
0.040747
-0.218110
-0.268520
0.137614
0.069683
0.042314
-0.046756
0.121361
-0.157732
-0.009176
0.051111
-0.025876
-0.058414
-0.161244
-0.213859
-0.098723
-0.065284
0.401427
-0.115598
0.039107
0.040747
-0.218110
-0.268520
0.137614
0.069683
0.042314
-0.046756
0.121361
-0.157732
-0.009176
0.051111
-0.025876
-0.058414
-0.161244
-0.213859
-0.098723
-0.065284
0.401427
-0.115598
0.039107
0.040747
-0.218110
-0.268520
0.137614
0.069683
0.042314
-0.046756
0.121361
-0.157732
-0.009176
0.051111
-0.025876
-0.058414
-0.161244
-0.213859
-0.098723
-0.065284
0.401427
-0.115598
0.039107
0.040747
-0.218110
-0.268520
0.137614
0.069683
0.042314
-0.046756
0.121361
-0.157732
-0.009176
0.051111
-0.025876
-0.058414
-0.161244
-0.213859
-0.098723
-0.065284
0.401427
-0.115598
0.039107
0.040747
-0.218110
-0.268520
0.137614
0.069683
0.042314
-0.046756
0.121361
-0.157732
-0.009176
0.051111
-0.025876
-0.058414
-0.161244
-0.213859
-0.098723
-0.065284
0.401427
-0.115598
0.039107
0.040747
-0.218110
-0.268520
0.137614
0.069683
0.042314
-0.046756
0.121361
-0.144279
0.004092
0.040824
-0.022883
-0.037960
-0.160928
-0.219001
-0.104564
-0.060058
0.413685
-0.134855
0.031932
0.056785
-0.214108
-0.287226
0.120278
0.066664
0.031767
-0.045854
0.114971
-0.116736
0.046656
0.000612
0.003775
0.052590
-0.167316
-0.226162
-0.118390
-0.036065
0.446345
-0.194759
-0.001778
0.106470
-0.200344
-0.366569
0.058224
0.050363
0.009100
-0.030093
0.075308
-0.189350
-0.002639
0.006702
0.062072
0.099549
-0.185670
-0.174393
-0.092521
-0.033720
0.402052
-0.160262
-0.012274
0.072597
-0.226009
-0.409963
0.074868
0.031053
0.046778
-0.007822
0.014185
-0.114294
-0.047430
0.010637
0.048884
0.140224
-0.169418
-0.153680
-0.104521
-0.076109
0.434072
-0.219007
0.032409
0.128120
-0.292131
-0.481174
0.043289
0.020915
-0.063180
-0.082317
-0.001030
-0.162439
0.005659
-0.066275
0.024617
0.260434
-0.265272
-0.099990
-0.036444
-0.062973
0.363468
-0.130724
0.010012
0.137533
-0.277995
-0.521711
0.001168
0.002597
0.001046
0.001443
-0.016110
-0.095039
-0.010915
-0.073287
0.117831
0.235077
-0.233289
-0.056138
-0.046625
-0.053591
0.344731
-0.224592
-0.011071
0.254985
-0.322430
-0.523738
0.038224
0.034207
-0.071829
-0.044736
0.028992
0.201525
0.002131
-0.433776
-0.074192
-0.236416
-0.168408
0.183842
0.206544
0.117359
-0.024192
0.004833
-0.003203
0.647535
-0.284069
-0.235882
-0.266843
0.149425
-0.391298
-0.126950
0.450558
0.370287
0.083106
0.121701
-0.428973
-0.733109
0.180110
0.511214
0.583108
0.336418
-0.889572
0.374830
-0.571784
0.807241
0.054552
0.111057
-0.555246
0.254134
-0.854905
-0.363589
1.166535
0.166624
-0.036189
1.299944
-0.539130
-0.848195
0.326971
0.137325
0.596919
0.788126
-1.629859
0.213656
-1.443646
0.322591
0.626720
-0.055720
-1.075952
-0.258081
-1.037653
-0.772210
1.422747
-0.262377
-0.597337
1.523478
1.421606
-0.122251
-0.060227
-0.349945
0.286764
0.837187
-2.017101
0.019161
-1.552394
-0.480792
0.983230
-0.310485
-1.365873
-0.401765
-0.447872
-0.248051
0.374834
-0.290638
-1.423456
0.428488
3.278236
1.008598
0.089821
-0.071477
-0.412836
0.360966
-1.642926
0.442849
0.003213
-0.380608
0.610514
-0.253715
-0.925574
-0.005223
-0.399391
0.488697
-1.420381
-0.565599
-1.633138
-0.535936
2.065473
1.924828
0.360479
0.321398
-0.706545
0.226898
-1.259431
0.710661
1.859166
-0.288732
0.119011
0.053225
-0.426288
0.422304
-0.489140
1.001533
-1.930776
-0.636795
-0.729472
-0.643789
0.314866
1.962280
0.158093
0.407345
-0.284967
0.159863
-0.852423
0.216441
1.613420
0.083050
-0.492152
0.008488
0.024547
0.406324
-0.124058
0.762801
-0.813826
-0.363368
-0.104638
-0.238538
-0.054927
0.927487
-0.229756
0.252047
-0.082899
-0.149795
-0.122249
-0.131932
0.432759
0.179661
-0.422821
-0.360363
0.268891
0.129633
0.218392
0.212251
0.121896
-0.160668
0.037145
0.049368
-0.014783
0.098456
-0.218790
-0.104464
-0.071217
-0.120611
0.324077
-0.111240
0.035613
0.114446
-0.291012
-0.336888
0.254856
0.064437
0.075754
-0.026871
0.156927
-0.157732
-0.009176
0.051111
-0.025876
-0.058414
-0.161244
-0.213859
-0.098723
-0.065284
0.401427
-0.115598
0.039107
0.040747
-0.218110
-0.268520
0.137614
0.069683
0.042314
-0.046756
0.121361
-0.157732
-0.009176
0.051111
-0.025876
-0.058414
-0.161244
-0.213859
-0.098723
-0.065284
0.401427
-0.115598
0.039107
0.040747
-0.218110
-0.268520
0.137614
0.069683
0.042314
-0.046756
0.121361
-0.157732
-0.009176
0.051111
-0.025876
-0.058414
-0.161244
-0.213859
-0.098723
-0.065284
0.401427
-0.115598
0.039107
0.040747
-0.218110
-0.268520
0.137614
0.069683
0.042314
-0.046756
0.121361
-0.157732
-0.009176
0.051111
-0.025876
-0.058414
-0.161244
-0.213859
-0.098723
-0.065284
0.401427
-0.115598
0.039107
0.040747
-0.218110
-0.268520
0.137614
0.069683
0.042314
-0.046756
0.121361
-0.157732
-0.009176
0.051111
-0.025876
-0.058414
-0.161244
-0.213859
-0.098723
-0.065284
0.401427
-0.115598
0.039107
0.040747
-0.218110
-0.268520
0.137614
0.069683
0.042314
-0.046756
0.121361
-0.157732
-0.009176
0.051111
-0.025876
-0.058414
-0.161244
-0.213859
-0.098723
-0.065284
0.401427
-0.115598
0.039107
0.040747
-0.218110
-0.268520
0.137614
0.069683
0.042314
-0.046756
0.121361
-0.157732
-0.009176
0.051111
-0.025876
-0.058414
-0.161244
-0.213859
-0.098723
-0.065284
0.401427
-0.115598
0.039107
0.040747
-0.218110
-0.268520
0.137614
0.069683
0.042314
-0.046756
0.121361
-0.157732
-0.009176
0.051111
-0.025876
-0.058414
-0.161244
-0.213859
-0.098723
-0.065284
0.401427
-0.115598
0.039107
0.040747
-0.218110
-0.268520
0.137614
0.069683
0.042314
-0.046756
0.121361
-0.157732
-0.009176
0.051111
-0.025876
-0.058414
-0.161244
-0.213859
-0.098723
-0.065284
0.401427
-0.115598
0.039107
0.040747
-0.218110
-0.268520
0.137614
0.069683
0.042314
-0.046756
0.121361
-0.157732
-0.009176
0.051111
-0.025876
-0.058414
-0.161244
-0.213859
-0.098723
-0.065284
0.401427
-0.115598
0.039107
0.040747
-0.218110
-0.268520
0.137614
0.069683
0.042314
-0.046756
0.121361
-0.157732
-0.009176
0.051111
-0.025876
-0.058414
-0.161244
-0.213859
-0.098723
-0.065284
0.401427
-0.115598
0.039107
0.040747
-0.218110
-0.268520
0.137614
0.069683
0.042314
-0.046756
0.121361
-0.157732
-0.009176
0.051111
-0.025876
-0.058414
-0.161244
-0.213859
-0.098723
-0.065284
0.401427
-0.115598
0.039107
0.040747
-0.218110
-0.268520
0.137614
0.069683
0.042314
-0.046756
0.121361
-0.157732
-0.009176
0.051111
-0.025876
-0.058414
-0.161244
-0.213859
-0.098723
-0.065284
0.401427
-0.115598
0.039107
0.040747
-0.218110
-0.268520
0.137614
0.069683
0.042314
-0.046756
0.121361
-0.157732
-0.009176
0.051111
-0.025876
-0.058414
-0.161244
-0.213859
-0.098723
-0.065284
0.401427
-0.115598
0.039107
0.040747
-0.218110
-0.268520
0.137614
0.069683
0.042314
-0.046756
0.121361
0.022833
0.015113
-0.155523
-0.095024
-0.324609
-0.143337
-0.111783
0.021703
0.036790
0.226188
-0.066888
0.051952
0.274481
-0.195103
-0.128123
0.023995
0.118246
-0.115389
-0.076913
0.342873
0.410826
0.189199
-0.195402
-0.386567
-0.890054
0.134056
0.248389
0.401052
0.297799
-0.412289
0.262290
-0.244406
0.720113
0.001392
0.196711
-0.313042
0.211966
-0.627056
-0.221871
0.954466
0.264800
-0.027736
0.884063
-0.695020
-1.252311
0.476709
0.181707
0.576664
0.759134
-1.330881
0.261280
-1.171237
0.446338
0.619901
0.298528
-0.775950
-0.093952
-0.959078
-0.657552
1.628099
-0.106941
-0.363683
1.822477
0.393972
-0.626319
0.389394
-0.238418
0.482985
0.851824
-1.871612
0.102287
-1.861516
-0.240833
1.121110
0.144302
-1.383657
-0.335807
-0.691291
-0.670530
1.142695
-0.292637
-1.044291
0.919679
2.552693
0.425612
0.106627
-0.134446
-0.143665
0.464107
-1.756783
0.316967
-0.845659
-0.626999
1.083570
-0.261861
-1.302395
-0.221570
-0.296961
0.160260
-0.641177
-0.430899
-1.656744
-0.255122
2.926022
1.635975
0.444177
0.192438
-0.681211
0.334140
-1.404236
0.558260
1.192151
-0.489585
0.345225
-0.162459
-0.653775
0.312880
-0.506086
0.977228
-2.066090
-0.606074
-1.351490
-0.684317
1.045943
2.186705
0.425906
0.473824
-0.544104
0.257510
-0.989174
0.307082
1.886599
0.015548
-0.210106
0.032421
-0.217286
0.316428
-0.396928
0.773394
-1.469852
-0.529220
-0.304685
-0.397868
-0.074593
1.522347
-0.161672
0.417669
-0.150063
-0.028107
-0.503327
-0.077831
0.985424
0.144958
-0.296054
-0.160172
0.132002
0.166848
0.123793
0.468645
-0.247651
-0.222759
0.043389
-0.007475
-0.026573
0.428849
-0.262327
0.046606
-0.080515
-0.148025
0.160871
-0.151896
0.154904
0.166705
-0.320054
-0.361990
0.328737
0.078145
0.141131
0.066697
0.163215
-0.156744
0.000721
0.054143
-0.024400
-0.037739
-0.173232
-0.198045
-0.091864
-0.074380
0.390123
-0.111828
0.036991
0.052986
-0.230249
-0.279635
0.158421
0.068614
0.044687
-0.043723
0.125496
-0.157732
-0.009176
0.051111
-0.025876
-0.058414
-0.161244
-0.213859
-0.098723
-0.065284
0.401427
-0.115598
0.039107
0.040747
-0.218110
-0.268520
0.137614
0.069683
0.042314
-0.046756
0.121361
-0.157732
-0.009176
0.051111
-0.025876
-0.058414
-0.161244
-0.213859
-0.098723
-0.065284
0.401427
-0.115598
0.039107
0.040747
-0.218110
-0.268520
0.137614
0.069683
0.042314
-0.046756
0.121361
